
direc 'Sn'
stem 'Sn_ssch'
make_image 0
output  'merged.flt' 'delta.flt' 'delta.gve' '.par' '.ubi'
#output  'merged.flt' '.par' '.ubi'
structure_phase_0 '/home/axel/workspace/scanning-3dxrd-simulations/ModelScanning3DXRD/scripts/simul/Sn.cif'
y_size 0.0500
z_size 0.0500
dety_size 2048
detz_size 2048
distance 162.888383321
tilt_x -0.00260053595757
tilt_y -0.00366923010272
tilt_z 0.00463564130438
o11 1
o12 0
o21 0
o22 -1
noise 0
intensity_const 1
lorentz_apply 1
beampol_apply 0
peakshape 0
wavelength 0.21878
beamflux 1e-12
beampol_factor 1
beampol_direct 0
dety_center 998.798998
detz_center 1041.55049636
omega_start 0
omega_end 180
omega_step 1.0
omega_sign 1
theta_min 0
theta_max 8
wedge -0.0142439915706
#spatial '/home/axel/workspace/fable/ModelScanning3DXRD/scripts/simul/frelon4m.spline'

no_voxels 210
voxel_grain_map {0:0,1:0,2:0,3:0,4:0,5:0,6:0,7:0,8:0,9:0,10:0,11:0,12:0,13:0,14:0,15:0,16:0,17:0,18:0,19:0,20:0,21:0,22:0,23:0,24:0,25:0,26:0,27:0,28:0,29:0,30:0,31:0,32:0,33:0,34:0,35:0,36:0,37:0,38:0,39:0,40:0,41:0,42:0,43:0,44:0,45:0,46:0,47:0,48:0,49:0,50:0,51:0,52:0,53:0,54:0,55:0,56:0,57:0,58:0,59:0,60:0,61:0,62:0,63:0,64:0,65:0,66:0,67:0,68:0,69:0,70:0,71:0,72:0,73:0,74:0,75:0,76:0,77:0,78:0,79:0,80:0,81:0,82:0,83:0,84:0,85:0,86:0,87:0,88:0,89:0,90:0,91:0,92:0,93:0,94:0,95:0,96:0,97:0,98:0,99:0,100:0,101:0,102:0,103:0,104:0,105:0,106:0,107:0,108:0,109:0,110:0,111:0,112:0,113:0,114:0,115:0,116:0,117:0,118:0,119:0,120:0,121:0,122:0,123:0,124:0,125:0,126:0,127:0,128:0,129:0,130:0,131:0,132:0,133:0,134:0,135:0,136:0,137:0,138:0,139:0,140:0,141:0,142:0,143:0,144:0,145:0,146:0,147:0,148:0,149:0,150:0,151:0,152:0,153:0,154:0,155:0,156:0,157:0,158:0,159:0,160:0,161:0,162:0,163:0,164:0,165:0,166:0,167:0,168:0,169:0,170:0,171:0,172:0,173:0,174:0,175:0,176:0,177:0,178:0,179:0,180:0,181:0,182:0,183:0,184:0,185:0,186:0,187:0,188:0,189:0,190:0,191:0,192:0,193:0,194:0,195:0,196:0,197:0,198:0,199:0,200:0,201:0,202:0,203:0,204:0,205:0,206:0,207:0,208:0,209:0}
gen_size 1 -0.006203566 0.000000000 100.000000000
sample_xyz 0.100000000 0.100000000 0.015000000
beam_width 0.005000000
gen_U 0
pos_voxels_0 -0.045000000 0.010000000 0.000000000
U_voxels_0 0.139248519 -0.851613053 0.505336579 0.851613053 -0.157428354 -0.499971520 0.505336579 0.499971520 0.703323127
eps_voxels_0 -0.000113154 0.000968741 0.000388206 0.000616367 -0.001605062 -0.000525517
pos_voxels_1 -0.045000000 0.015000000 0.000000000
U_voxels_1 0.139248519 -0.851613053 0.505336579 0.851613053 -0.157428354 -0.499971520 0.505336579 0.499971520 0.703323127
eps_voxels_1 -0.000201064 0.001018839 0.000416026 0.000804588 -0.001614736 -0.000588588
pos_voxels_2 -0.045000000 0.020000000 0.000000000
U_voxels_2 0.139248519 -0.851613053 0.505336579 0.851613053 -0.157428354 -0.499971520 0.505336579 0.499971520 0.703323127
eps_voxels_2 -0.000288974 0.001068936 0.000443846 0.000992808 -0.001624409 -0.000651659
pos_voxels_3 -0.040000000 0.010000000 0.000000000
U_voxels_3 0.139068095 -0.851562862 0.505470827 0.851562862 -0.157704222 -0.499970069 0.505470827 0.499970069 0.703227682
eps_voxels_3 -0.000118282 0.000935064 0.000300935 0.000561897 -0.001494970 -0.000428679
pos_voxels_4 -0.040000000 0.015000000 0.000000000
U_voxels_4 0.139068095 -0.851562862 0.505470827 0.851562862 -0.157704222 -0.499970069 0.505470827 0.499970069 0.703227682
eps_voxels_4 -0.000206167 0.000985229 0.000328746 0.000750091 -0.001504692 -0.000491749
pos_voxels_5 -0.040000000 0.020000000 0.000000000
U_voxels_5 0.139068095 -0.851562862 0.505470827 0.851562862 -0.157704222 -0.499970069 0.505470827 0.499970069 0.703227682
eps_voxels_5 -0.000294052 0.001035394 0.000356556 0.000938286 -0.001514414 -0.000554819
pos_voxels_6 -0.040000000 0.025000000 0.000000000
U_voxels_6 0.139068095 -0.851562862 0.505470827 0.851562862 -0.157704222 -0.499970069 0.505470827 0.499970069 0.703227682
eps_voxels_6 -0.000381937 0.001085558 0.000384366 0.001126481 -0.001524136 -0.000617888
pos_voxels_7 -0.035000000 0.010000000 0.000000000
U_voxels_7 0.138887704 -0.851512604 0.505605075 0.851512604 -0.157980071 -0.499968582 0.505605075 0.499968582 0.703132225
eps_voxels_7 -0.000123450 0.000901343 0.000213731 0.000507529 -0.001384788 -0.000331904
pos_voxels_8 -0.035000000 0.015000000 0.000000000
U_voxels_8 0.138887704 -0.851512604 0.505605075 0.851512604 -0.157980071 -0.499968582 0.505605075 0.499968582 0.703132225
eps_voxels_8 -0.000211311 0.000951575 0.000241532 0.000695698 -0.001394558 -0.000394972
pos_voxels_9 -0.035000000 0.020000000 0.000000000
U_voxels_9 0.138887704 -0.851512604 0.505605075 0.851512604 -0.157980071 -0.499968582 0.505605075 0.499968582 0.703132225
eps_voxels_9 -0.000299171 0.001001807 0.000269333 0.000883866 -0.001404329 -0.000458040
pos_voxels_10 -0.035000000 0.025000000 0.000000000
U_voxels_10 0.138887704 -0.851512604 0.505605075 0.851512604 -0.157980071 -0.499968582 0.505605075 0.499968582 0.703132225
eps_voxels_10 -0.000387032 0.001052039 0.000297133 0.001072035 -0.001414099 -0.000521108
pos_voxels_11 -0.035000000 0.030000000 0.000000000
U_voxels_11 0.138887704 -0.851512604 0.505605075 0.851512604 -0.157980071 -0.499968582 0.505605075 0.499968582 0.703132225
eps_voxels_11 -0.000474893 0.001102271 0.000324934 0.001260203 -0.001423870 -0.000584176
pos_voxels_12 -0.035000000 0.035000000 0.000000000
U_voxels_12 0.138887704 -0.851512604 0.505605075 0.851512604 -0.157980071 -0.499968582 0.505605075 0.499968582 0.703132225
eps_voxels_12 -0.000562753 0.001152503 0.000352735 0.001448372 -0.001433640 -0.000647244
pos_voxels_13 -0.030000000 0.005000000 0.000000000
U_voxels_13 0.138707346 -0.851462278 0.505739322 0.851462278 -0.158255899 -0.499967059 0.505739322 0.499967059 0.703036754
eps_voxels_13 -0.000040823 0.000817278 0.000098804 0.000265122 -0.001264696 -0.000172124
pos_voxels_14 -0.030000000 0.010000000 0.000000000
U_voxels_14 0.138707346 -0.851462278 0.505739322 0.851462278 -0.158255899 -0.499967059 0.505739322 0.499967059 0.703036754
eps_voxels_14 -0.000128659 0.000867577 0.000126595 0.000453264 -0.001274515 -0.000235190
pos_voxels_15 -0.030000000 0.015000000 0.000000000
U_voxels_15 0.138707346 -0.851462278 0.505739322 0.851462278 -0.158255899 -0.499967059 0.505739322 0.499967059 0.703036754
eps_voxels_15 -0.000216495 0.000917877 0.000154386 0.000641406 -0.001284334 -0.000298257
pos_voxels_16 -0.030000000 0.020000000 0.000000000
U_voxels_16 0.138707346 -0.851462278 0.505739322 0.851462278 -0.158255899 -0.499967059 0.505739322 0.499967059 0.703036754
eps_voxels_16 -0.000304331 0.000968176 0.000182177 0.000829549 -0.001294153 -0.000361323
pos_voxels_17 -0.030000000 0.025000000 0.000000000
U_voxels_17 0.138707346 -0.851462278 0.505739322 0.851462278 -0.158255899 -0.499967059 0.505739322 0.499967059 0.703036754
eps_voxels_17 -0.000392167 0.001018475 0.000209968 0.001017691 -0.001303972 -0.000424389
pos_voxels_18 -0.030000000 0.030000000 0.000000000
U_voxels_18 0.138707346 -0.851462278 0.505739322 0.851462278 -0.158255899 -0.499967059 0.505739322 0.499967059 0.703036754
eps_voxels_18 -0.000480003 0.001068775 0.000237759 0.001205833 -0.001313791 -0.000487456
pos_voxels_19 -0.030000000 0.035000000 0.000000000
U_voxels_19 0.138707346 -0.851462278 0.505739322 0.851462278 -0.158255899 -0.499967059 0.505739322 0.499967059 0.703036754
eps_voxels_19 -0.000567839 0.001119074 0.000265550 0.001393976 -0.001323610 -0.000550522
pos_voxels_20 -0.025000000 0.010000000 0.000000000
U_voxels_20 0.138527021 -0.851411884 0.505873569 0.851411884 -0.158531708 -0.499965500 0.505873569 0.499965500 0.702941271
eps_voxels_20 -0.000133909 0.000833767 0.000039526 0.000399102 -0.001164152 -0.000138538
pos_voxels_21 -0.025000000 0.015000000 0.000000000
U_voxels_21 0.138527021 -0.851411884 0.505873569 0.851411884 -0.158531708 -0.499965500 0.505873569 0.499965500 0.702941271
eps_voxels_21 -0.000221720 0.000884134 0.000067307 0.000587218 -0.001174019 -0.000201603
pos_voxels_22 -0.025000000 0.020000000 0.000000000
U_voxels_22 0.138527021 -0.851411884 0.505873569 0.851411884 -0.158531708 -0.499965500 0.505873569 0.499965500 0.702941271
eps_voxels_22 -0.000309532 0.000934501 0.000095088 0.000775334 -0.001183887 -0.000264668
pos_voxels_23 -0.025000000 0.025000000 0.000000000
U_voxels_23 0.138527021 -0.851411884 0.505873569 0.851411884 -0.158531708 -0.499965500 0.505873569 0.499965500 0.702941271
eps_voxels_23 -0.000397343 0.000984868 0.000122869 0.000963450 -0.001193754 -0.000327733
pos_voxels_24 -0.025000000 0.030000000 0.000000000
U_voxels_24 0.138527021 -0.851411884 0.505873569 0.851411884 -0.158531708 -0.499965500 0.505873569 0.499965500 0.702941271
eps_voxels_24 -0.000485155 0.001035234 0.000150650 0.001151566 -0.001203622 -0.000390797
pos_voxels_25 -0.025000000 0.035000000 0.000000000
U_voxels_25 0.138527021 -0.851411884 0.505873569 0.851411884 -0.158531708 -0.499965500 0.505873569 0.499965500 0.702941271
eps_voxels_25 -0.000572966 0.001085601 0.000178432 0.001339682 -0.001213489 -0.000453862
pos_voxels_26 -0.025000000 0.040000000 0.000000000
U_voxels_26 0.138527021 -0.851411884 0.505873569 0.851411884 -0.158531708 -0.499965500 0.505873569 0.499965500 0.702941271
eps_voxels_26 -0.000660778 0.001135968 0.000206213 0.001527798 -0.001223357 -0.000516927
pos_voxels_27 -0.020000000 0.010000000 0.000000000
U_voxels_27 0.138346729 -0.851361423 0.506007816 0.851361423 -0.158807496 -0.499963905 0.506007816 0.499963905 0.702845776
eps_voxels_27 -0.000139199 0.000799914 -0.000047476 0.000345042 -0.001053698 -0.000041948
pos_voxels_28 -0.020000000 0.015000000 0.000000000
U_voxels_28 0.138346729 -0.851361423 0.506007816 0.851361423 -0.158807496 -0.499963905 0.506007816 0.499963905 0.702845776
eps_voxels_28 -0.000226986 0.000850348 -0.000019705 0.000533132 -0.001063614 -0.000105011
pos_voxels_29 -0.020000000 0.020000000 0.000000000
U_voxels_29 0.138346729 -0.851361423 0.506007816 0.851361423 -0.158807496 -0.499963905 0.506007816 0.499963905 0.702845776
eps_voxels_29 -0.000314773 0.000900782 0.000008067 0.000721222 -0.001073530 -0.000168074
pos_voxels_30 -0.020000000 0.025000000 0.000000000
U_voxels_30 0.138346729 -0.851361423 0.506007816 0.851361423 -0.158807496 -0.499963905 0.506007816 0.499963905 0.702845776
eps_voxels_30 -0.000402560 0.000951216 0.000035838 0.000909311 -0.001083446 -0.000231138
pos_voxels_31 -0.020000000 0.030000000 0.000000000
U_voxels_31 0.138346729 -0.851361423 0.506007816 0.851361423 -0.158807496 -0.499963905 0.506007816 0.499963905 0.702845776
eps_voxels_31 -0.000490347 0.001001650 0.000063610 0.001097401 -0.001093362 -0.000294201
pos_voxels_32 -0.020000000 0.035000000 0.000000000
U_voxels_32 0.138346729 -0.851361423 0.506007816 0.851361423 -0.158807496 -0.499963905 0.506007816 0.499963905 0.702845776
eps_voxels_32 -0.000578134 0.001052084 0.000091381 0.001285491 -0.001103278 -0.000357264
pos_voxels_33 -0.020000000 0.040000000 0.000000000
U_voxels_33 0.138346729 -0.851361423 0.506007816 0.851361423 -0.158807496 -0.499963905 0.506007816 0.499963905 0.702845776
eps_voxels_33 -0.000665921 0.001102518 0.000119152 0.001473581 -0.001113194 -0.000420327
pos_voxels_34 -0.020000000 0.045000000 0.000000000
U_voxels_34 0.138346729 -0.851361423 0.506007816 0.851361423 -0.158807496 -0.499963905 0.506007816 0.499963905 0.702845776
eps_voxels_34 -0.000753708 0.001152952 0.000146924 0.001661671 -0.001123110 -0.000483390
pos_voxels_35 -0.015000000 0.005000000 0.000000000
U_voxels_35 0.138166469 -0.851310895 0.506142062 0.851310895 -0.159083264 -0.499962274 0.506142062 0.499962274 0.702750267
eps_voxels_35 -0.000056768 0.000715515 -0.000162173 0.000103021 -0.000933190 0.000117642
pos_voxels_36 -0.015000000 0.010000000 0.000000000
U_voxels_36 0.138166469 -0.851310895 0.506142062 0.851310895 -0.159083264 -0.499962274 0.506142062 0.499962274 0.702750267
eps_voxels_36 -0.000144531 0.000766016 -0.000134411 0.000291085 -0.000943154 0.000054580
pos_voxels_37 -0.015000000 0.015000000 0.000000000
U_voxels_37 0.138166469 -0.851310895 0.506142062 0.851310895 -0.159083264 -0.499962274 0.506142062 0.499962274 0.702750267
eps_voxels_37 -0.000232293 0.000816518 -0.000106649 0.000479148 -0.000953119 -0.000008481
pos_voxels_38 -0.015000000 0.020000000 0.000000000
U_voxels_38 0.138166469 -0.851310895 0.506142062 0.851310895 -0.159083264 -0.499962274 0.506142062 0.499962274 0.702750267
eps_voxels_38 -0.000320055 0.000867019 -0.000078888 0.000667212 -0.000963083 -0.000071543
pos_voxels_39 -0.015000000 0.025000000 0.000000000
U_voxels_39 0.138166469 -0.851310895 0.506142062 0.851310895 -0.159083264 -0.499962274 0.506142062 0.499962274 0.702750267
eps_voxels_39 -0.000407817 0.000917520 -0.000051126 0.000855276 -0.000973048 -0.000134604
pos_voxels_40 -0.015000000 0.030000000 0.000000000
U_voxels_40 0.138166469 -0.851310895 0.506142062 0.851310895 -0.159083264 -0.499962274 0.506142062 0.499962274 0.702750267
eps_voxels_40 -0.000495580 0.000968022 -0.000023364 0.001043339 -0.000983012 -0.000197666
pos_voxels_41 -0.015000000 0.035000000 0.000000000
U_voxels_41 0.138166469 -0.851310895 0.506142062 0.851310895 -0.159083264 -0.499962274 0.506142062 0.499962274 0.702750267
eps_voxels_41 -0.000583342 0.001018523 0.000004398 0.001231403 -0.000992977 -0.000260727
pos_voxels_42 -0.015000000 0.040000000 0.000000000
U_voxels_42 0.138166469 -0.851310895 0.506142062 0.851310895 -0.159083264 -0.499962274 0.506142062 0.499962274 0.702750267
eps_voxels_42 -0.000671104 0.001069024 0.000032159 0.001419466 -0.001002942 -0.000323789
pos_voxels_43 -0.015000000 0.045000000 0.000000000
U_voxels_43 0.138166469 -0.851310895 0.506142062 0.851310895 -0.159083264 -0.499962274 0.506142062 0.499962274 0.702750267
eps_voxels_43 -0.000758866 0.001119526 0.000059921 0.001607530 -0.001012906 -0.000386850
pos_voxels_44 -0.010000000 0.005000000 0.000000000
U_voxels_44 0.137986242 -0.851260299 0.506276308 0.851260299 -0.159359012 -0.499960606 0.506276308 0.499960606 0.702654746
eps_voxels_44 -0.000062165 0.000681506 -0.000249030 0.000049193 -0.000822507 0.000214106
pos_voxels_45 -0.010000000 0.010000000 0.000000000
U_voxels_45 0.137986242 -0.851260299 0.506276308 0.851260299 -0.159359012 -0.499960606 0.506276308 0.499960606 0.702654746
eps_voxels_45 -0.000149903 0.000732075 -0.000221278 0.000237231 -0.000832520 0.000151046
pos_voxels_46 -0.010000000 0.015000000 0.000000000
U_voxels_46 0.137986242 -0.851260299 0.506276308 0.851260299 -0.159359012 -0.499960606 0.506276308 0.499960606 0.702654746
eps_voxels_46 -0.000237641 0.000782643 -0.000193526 0.000425268 -0.000842533 0.000087987
pos_voxels_47 -0.010000000 0.020000000 0.000000000
U_voxels_47 0.137986242 -0.851260299 0.506276308 0.851260299 -0.159359012 -0.499960606 0.506276308 0.499960606 0.702654746
eps_voxels_47 -0.000325378 0.000833212 -0.000165775 0.000613305 -0.000852546 0.000024927
pos_voxels_48 -0.010000000 0.025000000 0.000000000
U_voxels_48 0.137986242 -0.851260299 0.506276308 0.851260299 -0.159359012 -0.499960606 0.506276308 0.499960606 0.702654746
eps_voxels_48 -0.000413116 0.000883781 -0.000138023 0.000801342 -0.000862559 -0.000038133
pos_voxels_49 -0.010000000 0.030000000 0.000000000
U_voxels_49 0.137986242 -0.851260299 0.506276308 0.851260299 -0.159359012 -0.499960606 0.506276308 0.499960606 0.702654746
eps_voxels_49 -0.000500853 0.000934349 -0.000110271 0.000989380 -0.000872572 -0.000101193
pos_voxels_50 -0.010000000 0.035000000 0.000000000
U_voxels_50 0.137986242 -0.851260299 0.506276308 0.851260299 -0.159359012 -0.499960606 0.506276308 0.499960606 0.702654746
eps_voxels_50 -0.000588591 0.000984918 -0.000082519 0.001177417 -0.000882585 -0.000164253
pos_voxels_51 -0.010000000 0.040000000 0.000000000
U_voxels_51 0.137986242 -0.851260299 0.506276308 0.851260299 -0.159359012 -0.499960606 0.506276308 0.499960606 0.702654746
eps_voxels_51 -0.000676328 0.001035486 -0.000054767 0.001365454 -0.000892599 -0.000227313
pos_voxels_52 -0.010000000 0.045000000 0.000000000
U_voxels_52 0.137986242 -0.851260299 0.506276308 0.851260299 -0.159359012 -0.499960606 0.506276308 0.499960606 0.702654746
eps_voxels_52 -0.000764066 0.001086055 -0.000027015 0.001553491 -0.000902612 -0.000290372
pos_voxels_53 -0.005000000 0.005000000 0.000000000
U_voxels_53 0.137806048 -0.851209636 0.506410553 0.851209636 -0.159634740 -0.499958903 0.506410553 0.499958903 0.702559212
eps_voxels_53 -0.000067603 0.000647454 -0.000335820 -0.000004531 -0.000711734 0.000310509
pos_voxels_54 -0.005000000 0.010000000 0.000000000
U_voxels_54 0.137806048 -0.851209636 0.506410553 0.851209636 -0.159634740 -0.499958903 0.506410553 0.499958903 0.702559212
eps_voxels_54 -0.000155316 0.000698090 -0.000308078 0.000183480 -0.000721795 0.000247451
pos_voxels_55 -0.005000000 0.015000000 0.000000000
U_voxels_55 0.137806048 -0.851209636 0.506410553 0.851209636 -0.159634740 -0.499958903 0.506410553 0.499958903 0.702559212
eps_voxels_55 -0.000243029 0.000748725 -0.000280336 0.000371490 -0.000731857 0.000184393
pos_voxels_56 -0.005000000 0.020000000 0.000000000
U_voxels_56 0.137806048 -0.851209636 0.506410553 0.851209636 -0.159634740 -0.499958903 0.506410553 0.499958903 0.702559212
eps_voxels_56 -0.000330742 0.000799361 -0.000252594 0.000559501 -0.000741919 0.000121334
pos_voxels_57 -0.005000000 0.025000000 0.000000000
U_voxels_57 0.137806048 -0.851209636 0.506410553 0.851209636 -0.159634740 -0.499958903 0.506410553 0.499958903 0.702559212
eps_voxels_57 -0.000418455 0.000849997 -0.000224852 0.000747512 -0.000751980 0.000058276
pos_voxels_58 -0.005000000 0.030000000 0.000000000
U_voxels_58 0.137806048 -0.851209636 0.506410553 0.851209636 -0.159634740 -0.499958903 0.506410553 0.499958903 0.702559212
eps_voxels_58 -0.000506168 0.000900633 -0.000197110 0.000935523 -0.000762042 -0.000004782
pos_voxels_59 -0.005000000 0.035000000 0.000000000
U_voxels_59 0.137806048 -0.851209636 0.506410553 0.851209636 -0.159634740 -0.499958903 0.506410553 0.499958903 0.702559212
eps_voxels_59 -0.000593881 0.000951269 -0.000169368 0.001123534 -0.000772104 -0.000067840
pos_voxels_60 -0.005000000 0.040000000 0.000000000
U_voxels_60 0.137806048 -0.851209636 0.506410553 0.851209636 -0.159634740 -0.499958903 0.506410553 0.499958903 0.702559212
eps_voxels_60 -0.000681594 0.001001905 -0.000141625 0.001311544 -0.000782165 -0.000130898
pos_voxels_61 -0.005000000 0.045000000 0.000000000
U_voxels_61 0.137806048 -0.851209636 0.506410553 0.851209636 -0.159634740 -0.499958903 0.506410553 0.499958903 0.702559212
eps_voxels_61 -0.000769306 0.001052541 -0.000113883 0.001499555 -0.000792227 -0.000193956
pos_voxels_62 0.000000000 0.000000000 0.000000000
U_voxels_62 0.137625887 -0.851158906 0.506544798 0.851158906 -0.159910447 -0.499957164 0.506544798 0.499957164 0.702463666
eps_voxels_62 0.000014606 0.000562654 -0.000450275 -0.000246137 -0.000590761 0.000469906
pos_voxels_63 0.000000000 0.005000000 0.000000000
U_voxels_63 0.137625887 -0.851158906 0.506544798 0.851158906 -0.159910447 -0.499957164 0.506544798 0.499957164 0.702463666
eps_voxels_63 -0.000073082 0.000613358 -0.000422543 -0.000058153 -0.000600871 0.000406850
pos_voxels_64 0.000000000 0.010000000 0.000000000
U_voxels_64 0.137625887 -0.851158906 0.506544798 0.851158906 -0.159910447 -0.499957164 0.506544798 0.499957164 0.702463666
eps_voxels_64 -0.000160771 0.000664061 -0.000394811 0.000129831 -0.000610981 0.000343793
pos_voxels_65 0.000000000 0.015000000 0.000000000
U_voxels_65 0.137625887 -0.851158906 0.506544798 0.851158906 -0.159910447 -0.499957164 0.506544798 0.499957164 0.702463666
eps_voxels_65 -0.000248459 0.000714764 -0.000367078 0.000317816 -0.000621091 0.000280737
pos_voxels_66 0.000000000 0.020000000 0.000000000
U_voxels_66 0.137625887 -0.851158906 0.506544798 0.851158906 -0.159910447 -0.499957164 0.506544798 0.499957164 0.702463666
eps_voxels_66 -0.000336147 0.000765467 -0.000339346 0.000505800 -0.000631201 0.000217680
pos_voxels_67 0.000000000 0.025000000 0.000000000
U_voxels_67 0.137625887 -0.851158906 0.506544798 0.851158906 -0.159910447 -0.499957164 0.506544798 0.499957164 0.702463666
eps_voxels_67 -0.000423835 0.000816170 -0.000311614 0.000693785 -0.000641312 0.000154624
pos_voxels_68 0.000000000 0.030000000 0.000000000
U_voxels_68 0.137625887 -0.851158906 0.506544798 0.851158906 -0.159910447 -0.499957164 0.506544798 0.499957164 0.702463666
eps_voxels_68 -0.000511523 0.000866873 -0.000283881 0.000881769 -0.000651422 0.000091567
pos_voxels_69 0.000000000 0.035000000 0.000000000
U_voxels_69 0.137625887 -0.851158906 0.506544798 0.851158906 -0.159910447 -0.499957164 0.506544798 0.499957164 0.702463666
eps_voxels_69 -0.000599211 0.000917576 -0.000256149 0.001069753 -0.000661532 0.000028511
pos_voxels_70 0.000000000 0.040000000 0.000000000
U_voxels_70 0.137625887 -0.851158906 0.506544798 0.851158906 -0.159910447 -0.499957164 0.506544798 0.499957164 0.702463666
eps_voxels_70 -0.000686899 0.000968279 -0.000228417 0.001257738 -0.000671642 -0.000034546
pos_voxels_71 0.000000000 0.045000000 0.000000000
U_voxels_71 0.137625887 -0.851158906 0.506544798 0.851158906 -0.159910447 -0.499957164 0.506544798 0.499957164 0.702463666
eps_voxels_71 -0.000774587 0.001018982 -0.000200685 0.001445722 -0.000681752 -0.000097602
pos_voxels_72 0.005000000 -0.030000000 0.000000000
U_voxels_72 0.137445758 -0.851108108 0.506679042 0.851108108 -0.160186135 -0.499955388 0.506679042 0.499955388 0.702368107
eps_voxels_72 0.000535041 0.000223825 -0.000703255 -0.001427377 -0.000418807 0.000944511
pos_voxels_73 0.005000000 -0.015000000 0.000000000
U_voxels_73 0.137445758 -0.851108108 0.506679042 0.851108108 -0.160186135 -0.499955388 0.506679042 0.499955388 0.702368107
eps_voxels_73 0.000272051 0.000376136 -0.000620088 -0.000863503 -0.000449283 0.000755347
pos_voxels_74 0.005000000 -0.010000000 0.000000000
U_voxels_74 0.137445758 -0.851108108 0.506679042 0.851108108 -0.160186135 -0.499955388 0.506679042 0.499955388 0.702368107
eps_voxels_74 0.000184388 0.000426907 -0.000592365 -0.000675545 -0.000459442 0.000692292
pos_voxels_75 0.005000000 -0.005000000 0.000000000
U_voxels_75 0.137445758 -0.851108108 0.506679042 0.851108108 -0.160186135 -0.499955388 0.506679042 0.499955388 0.702368107
eps_voxels_75 0.000096724 0.000477677 -0.000564643 -0.000487588 -0.000469600 0.000629238
pos_voxels_76 0.005000000 0.000000000 0.000000000
U_voxels_76 0.137445758 -0.851108108 0.506679042 0.851108108 -0.160186135 -0.499955388 0.506679042 0.499955388 0.702368107
eps_voxels_76 0.000009061 0.000528447 -0.000536920 -0.000299630 -0.000479759 0.000566183
pos_voxels_77 0.005000000 0.005000000 0.000000000
U_voxels_77 0.137445758 -0.851108108 0.506679042 0.851108108 -0.160186135 -0.499955388 0.506679042 0.499955388 0.702368107
eps_voxels_77 -0.000078602 0.000579218 -0.000509198 -0.000111672 -0.000489918 0.000503128
pos_voxels_78 0.005000000 0.010000000 0.000000000
U_voxels_78 0.137445758 -0.851108108 0.506679042 0.851108108 -0.160186135 -0.499955388 0.506679042 0.499955388 0.702368107
eps_voxels_78 -0.000166266 0.000629988 -0.000481476 0.000076286 -0.000500076 0.000440073
pos_voxels_79 0.005000000 0.015000000 0.000000000
U_voxels_79 0.137445758 -0.851108108 0.506679042 0.851108108 -0.160186135 -0.499955388 0.506679042 0.499955388 0.702368107
eps_voxels_79 -0.000253929 0.000680758 -0.000453753 0.000264244 -0.000510235 0.000377018
pos_voxels_80 0.005000000 0.020000000 0.000000000
U_voxels_80 0.137445758 -0.851108108 0.506679042 0.851108108 -0.160186135 -0.499955388 0.506679042 0.499955388 0.702368107
eps_voxels_80 -0.000341593 0.000731529 -0.000426031 0.000452202 -0.000520394 0.000313964
pos_voxels_81 0.005000000 0.025000000 0.000000000
U_voxels_81 0.137445758 -0.851108108 0.506679042 0.851108108 -0.160186135 -0.499955388 0.506679042 0.499955388 0.702368107
eps_voxels_81 -0.000429256 0.000782299 -0.000398308 0.000640160 -0.000530553 0.000250909
pos_voxels_82 0.005000000 0.030000000 0.000000000
U_voxels_82 0.137445758 -0.851108108 0.506679042 0.851108108 -0.160186135 -0.499955388 0.506679042 0.499955388 0.702368107
eps_voxels_82 -0.000516919 0.000833069 -0.000370586 0.000828118 -0.000540711 0.000187854
pos_voxels_83 0.005000000 0.035000000 0.000000000
U_voxels_83 0.137445758 -0.851108108 0.506679042 0.851108108 -0.160186135 -0.499955388 0.506679042 0.499955388 0.702368107
eps_voxels_83 -0.000604583 0.000883840 -0.000342863 0.001016076 -0.000550870 0.000124799
pos_voxels_84 0.005000000 0.040000000 0.000000000
U_voxels_84 0.137445758 -0.851108108 0.506679042 0.851108108 -0.160186135 -0.499955388 0.506679042 0.499955388 0.702368107
eps_voxels_84 -0.000692246 0.000934610 -0.000315141 0.001204034 -0.000561029 0.000061745
pos_voxels_85 0.005000000 0.045000000 0.000000000
U_voxels_85 0.137445758 -0.851108108 0.506679042 0.851108108 -0.160186135 -0.499955388 0.506679042 0.499955388 0.702368107
eps_voxels_85 -0.000779909 0.000985380 -0.000287418 0.001391992 -0.000571187 -0.000001310
pos_voxels_86 0.010000000 -0.045000000 0.000000000
U_voxels_86 0.137265663 -0.851057243 0.506813286 0.851057243 -0.160461802 -0.499953577 0.506813286 0.499953577 0.702272535
eps_voxels_86 0.000792222 0.000036659 -0.000872911 -0.002044401 -0.000276802 0.001229875
pos_voxels_87 0.010000000 -0.040000000 0.000000000
U_voxels_87 0.137265663 -0.851057243 0.506813286 0.851057243 -0.160461802 -0.499953577 0.506813286 0.499953577 0.702272535
eps_voxels_87 0.000704584 0.000087497 -0.000845199 -0.001856470 -0.000287010 0.001166822
pos_voxels_88 0.010000000 -0.035000000 0.000000000
U_voxels_88 0.137265663 -0.851057243 0.506813286 0.851057243 -0.160461802 -0.499953577 0.506813286 0.499953577 0.702272535
eps_voxels_88 0.000616945 0.000138334 -0.000817486 -0.001668538 -0.000297217 0.001103769
pos_voxels_89 0.010000000 -0.030000000 0.000000000
U_voxels_89 0.137265663 -0.851057243 0.506813286 0.851057243 -0.160461802 -0.499953577 0.506813286 0.499953577 0.702272535
eps_voxels_89 0.000529306 0.000189172 -0.000789774 -0.001480607 -0.000307424 0.001040716
pos_voxels_90 0.010000000 -0.025000000 0.000000000
U_voxels_90 0.137265663 -0.851057243 0.506813286 0.851057243 -0.160461802 -0.499953577 0.506813286 0.499953577 0.702272535
eps_voxels_90 0.000441668 0.000240009 -0.000762061 -0.001292675 -0.000317631 0.000977662
pos_voxels_91 0.010000000 -0.020000000 0.000000000
U_voxels_91 0.137265663 -0.851057243 0.506813286 0.851057243 -0.160461802 -0.499953577 0.506813286 0.499953577 0.702272535
eps_voxels_91 0.000354029 0.000290847 -0.000734348 -0.001104744 -0.000327838 0.000914609
pos_voxels_92 0.010000000 -0.015000000 0.000000000
U_voxels_92 0.137265663 -0.851057243 0.506813286 0.851057243 -0.160461802 -0.499953577 0.506813286 0.499953577 0.702272535
eps_voxels_92 0.000266391 0.000341684 -0.000706636 -0.000916813 -0.000338046 0.000851556
pos_voxels_93 0.010000000 -0.010000000 0.000000000
U_voxels_93 0.137265663 -0.851057243 0.506813286 0.851057243 -0.160461802 -0.499953577 0.506813286 0.499953577 0.702272535
eps_voxels_93 0.000178752 0.000392522 -0.000678923 -0.000728881 -0.000348253 0.000788503
pos_voxels_94 0.010000000 -0.005000000 0.000000000
U_voxels_94 0.137265663 -0.851057243 0.506813286 0.851057243 -0.160461802 -0.499953577 0.506813286 0.499953577 0.702272535
eps_voxels_94 0.000091114 0.000443359 -0.000651211 -0.000540950 -0.000358460 0.000725450
pos_voxels_95 0.010000000 0.000000000 0.000000000
U_voxels_95 0.137265663 -0.851057243 0.506813286 0.851057243 -0.160461802 -0.499953577 0.506813286 0.499953577 0.702272535
eps_voxels_95 0.000003475 0.000494197 -0.000623498 -0.000353018 -0.000368667 0.000662397
pos_voxels_96 0.010000000 0.005000000 0.000000000
U_voxels_96 0.137265663 -0.851057243 0.506813286 0.851057243 -0.160461802 -0.499953577 0.506813286 0.499953577 0.702272535
eps_voxels_96 -0.000084164 0.000545034 -0.000595785 -0.000165087 -0.000378875 0.000599344
pos_voxels_97 0.010000000 0.010000000 0.000000000
U_voxels_97 0.137265663 -0.851057243 0.506813286 0.851057243 -0.160461802 -0.499953577 0.506813286 0.499953577 0.702272535
eps_voxels_97 -0.000171802 0.000595872 -0.000568073 0.000022844 -0.000389082 0.000536291
pos_voxels_98 0.010000000 0.015000000 0.000000000
U_voxels_98 0.137265663 -0.851057243 0.506813286 0.851057243 -0.160461802 -0.499953577 0.506813286 0.499953577 0.702272535
eps_voxels_98 -0.000259441 0.000646709 -0.000540360 0.000210776 -0.000399289 0.000473238
pos_voxels_99 0.010000000 0.020000000 0.000000000
U_voxels_99 0.137265663 -0.851057243 0.506813286 0.851057243 -0.160461802 -0.499953577 0.506813286 0.499953577 0.702272535
eps_voxels_99 -0.000347079 0.000697547 -0.000512648 0.000398707 -0.000409496 0.000410185
pos_voxels_100 0.010000000 0.025000000 0.000000000
U_voxels_100 0.137265663 -0.851057243 0.506813286 0.851057243 -0.160461802 -0.499953577 0.506813286 0.499953577 0.702272535
eps_voxels_100 -0.000434718 0.000748384 -0.000484935 0.000586638 -0.000419704 0.000347132
pos_voxels_101 0.010000000 0.030000000 0.000000000
U_voxels_101 0.137265663 -0.851057243 0.506813286 0.851057243 -0.160461802 -0.499953577 0.506813286 0.499953577 0.702272535
eps_voxels_101 -0.000522356 0.000799222 -0.000457223 0.000774570 -0.000429911 0.000284079
pos_voxels_102 0.010000000 0.035000000 0.000000000
U_voxels_102 0.137265663 -0.851057243 0.506813286 0.851057243 -0.160461802 -0.499953577 0.506813286 0.499953577 0.702272535
eps_voxels_102 -0.000609995 0.000850059 -0.000429510 0.000962501 -0.000440118 0.000221026
pos_voxels_103 0.010000000 0.040000000 0.000000000
U_voxels_103 0.137265663 -0.851057243 0.506813286 0.851057243 -0.160461802 -0.499953577 0.506813286 0.499953577 0.702272535
eps_voxels_103 -0.000697634 0.000900897 -0.000401797 0.001150433 -0.000450325 0.000157973
pos_voxels_104 0.010000000 0.045000000 0.000000000
U_voxels_104 0.137265663 -0.851057243 0.506813286 0.851057243 -0.160461802 -0.499953577 0.506813286 0.499953577 0.702272535
eps_voxels_104 -0.000785272 0.000951734 -0.000374085 0.001338364 -0.000460532 0.000094920
pos_voxels_105 0.015000000 -0.045000000 0.000000000
U_voxels_105 0.137085600 -0.851006311 0.506947529 0.851006311 -0.160737449 -0.499951730 0.506947529 0.499951730 0.702176951
eps_voxels_105 0.000786372 0.000001761 -0.000959332 -0.002097447 -0.000165184 0.001326011
pos_voxels_106 0.015000000 -0.040000000 0.000000000
U_voxels_106 0.137085600 -0.851006311 0.506947529 0.851006311 -0.160737449 -0.499951730 0.506947529 0.499951730 0.702176951
eps_voxels_106 0.000698758 0.000052665 -0.000931629 -0.001909543 -0.000175440 0.001262960
pos_voxels_107 0.015000000 -0.035000000 0.000000000
U_voxels_107 0.137085600 -0.851006311 0.506947529 0.851006311 -0.160737449 -0.499951730 0.506947529 0.499951730 0.702176951
eps_voxels_107 0.000611144 0.000103570 -0.000903927 -0.001721638 -0.000185696 0.001199909
pos_voxels_108 0.015000000 -0.030000000 0.000000000
U_voxels_108 0.137085600 -0.851006311 0.506947529 0.851006311 -0.160737449 -0.499951730 0.506947529 0.499951730 0.702176951
eps_voxels_108 0.000523530 0.000154475 -0.000876224 -0.001533733 -0.000195951 0.001136857
pos_voxels_109 0.015000000 -0.025000000 0.000000000
U_voxels_109 0.137085600 -0.851006311 0.506947529 0.851006311 -0.160737449 -0.499951730 0.506947529 0.499951730 0.702176951
eps_voxels_109 0.000435917 0.000205379 -0.000848521 -0.001345828 -0.000206207 0.001073806
pos_voxels_110 0.015000000 -0.020000000 0.000000000
U_voxels_110 0.137085600 -0.851006311 0.506947529 0.851006311 -0.160737449 -0.499951730 0.506947529 0.499951730 0.702176951
eps_voxels_110 0.000348303 0.000256284 -0.000820819 -0.001157923 -0.000216463 0.001010755
pos_voxels_111 0.015000000 -0.015000000 0.000000000
U_voxels_111 0.137085600 -0.851006311 0.506947529 0.851006311 -0.160737449 -0.499951730 0.506947529 0.499951730 0.702176951
eps_voxels_111 0.000260689 0.000307189 -0.000793116 -0.000970019 -0.000226719 0.000947704
pos_voxels_112 0.015000000 -0.010000000 0.000000000
U_voxels_112 0.137085600 -0.851006311 0.506947529 0.851006311 -0.160737449 -0.499951730 0.506947529 0.499951730 0.702176951
eps_voxels_112 0.000173075 0.000358093 -0.000765413 -0.000782114 -0.000236974 0.000884652
pos_voxels_113 0.015000000 -0.005000000 0.000000000
U_voxels_113 0.137085600 -0.851006311 0.506947529 0.851006311 -0.160737449 -0.499951730 0.506947529 0.499951730 0.702176951
eps_voxels_113 0.000085462 0.000408998 -0.000737711 -0.000594209 -0.000247230 0.000821601
pos_voxels_114 0.015000000 0.000000000 0.000000000
U_voxels_114 0.137085600 -0.851006311 0.506947529 0.851006311 -0.160737449 -0.499951730 0.506947529 0.499951730 0.702176951
eps_voxels_114 -0.000002152 0.000459903 -0.000710008 -0.000406304 -0.000257486 0.000758550
pos_voxels_115 0.015000000 0.005000000 0.000000000
U_voxels_115 0.137085600 -0.851006311 0.506947529 0.851006311 -0.160737449 -0.499951730 0.506947529 0.499951730 0.702176951
eps_voxels_115 -0.000089766 0.000510808 -0.000682305 -0.000218399 -0.000267742 0.000695498
pos_voxels_116 0.015000000 0.010000000 0.000000000
U_voxels_116 0.137085600 -0.851006311 0.506947529 0.851006311 -0.160737449 -0.499951730 0.506947529 0.499951730 0.702176951
eps_voxels_116 -0.000177380 0.000561712 -0.000654603 -0.000030494 -0.000277997 0.000632447
pos_voxels_117 0.015000000 0.015000000 0.000000000
U_voxels_117 0.137085600 -0.851006311 0.506947529 0.851006311 -0.160737449 -0.499951730 0.506947529 0.499951730 0.702176951
eps_voxels_117 -0.000264993 0.000612617 -0.000626900 0.000157410 -0.000288253 0.000569396
pos_voxels_118 0.015000000 0.020000000 0.000000000
U_voxels_118 0.137085600 -0.851006311 0.506947529 0.851006311 -0.160737449 -0.499951730 0.506947529 0.499951730 0.702176951
eps_voxels_118 -0.000352607 0.000663522 -0.000599197 0.000345315 -0.000298509 0.000506345
pos_voxels_119 0.015000000 0.025000000 0.000000000
U_voxels_119 0.137085600 -0.851006311 0.506947529 0.851006311 -0.160737449 -0.499951730 0.506947529 0.499951730 0.702176951
eps_voxels_119 -0.000440221 0.000714426 -0.000571495 0.000533220 -0.000308765 0.000443293
pos_voxels_120 0.015000000 0.030000000 0.000000000
U_voxels_120 0.137085600 -0.851006311 0.506947529 0.851006311 -0.160737449 -0.499951730 0.506947529 0.499951730 0.702176951
eps_voxels_120 -0.000527834 0.000765331 -0.000543792 0.000721125 -0.000319020 0.000380242
pos_voxels_121 0.015000000 0.035000000 0.000000000
U_voxels_121 0.137085600 -0.851006311 0.506947529 0.851006311 -0.160737449 -0.499951730 0.506947529 0.499951730 0.702176951
eps_voxels_121 -0.000615448 0.000816236 -0.000516089 0.000909030 -0.000329276 0.000317191
pos_voxels_122 0.015000000 0.040000000 0.000000000
U_voxels_122 0.137085600 -0.851006311 0.506947529 0.851006311 -0.160737449 -0.499951730 0.506947529 0.499951730 0.702176951
eps_voxels_122 -0.000703062 0.000867140 -0.000488387 0.001096934 -0.000339532 0.000254139
pos_voxels_123 0.015000000 0.045000000 0.000000000
U_voxels_123 0.137085600 -0.851006311 0.506947529 0.851006311 -0.160737449 -0.499951730 0.506947529 0.499951730 0.702176951
eps_voxels_123 -0.000790676 0.000918045 -0.000460684 0.001284839 -0.000349788 0.000191088
pos_voxels_124 0.020000000 -0.045000000 0.000000000
U_voxels_124 0.136905570 -0.850955311 0.507081772 0.850955311 -0.161013076 -0.499949846 0.507081772 0.499949846 0.702081354
eps_voxels_124 0.000780480 -0.000033181 -0.001045685 -0.002150390 -0.000053476 0.001422086
pos_voxels_125 0.020000000 -0.040000000 0.000000000
U_voxels_125 0.136905570 -0.850955311 0.507081772 0.850955311 -0.161013076 -0.499949846 0.507081772 0.499949846 0.702081354
eps_voxels_125 0.000692891 0.000017791 -0.001017992 -0.001962512 -0.000063780 0.001359036
pos_voxels_126 0.020000000 -0.035000000 0.000000000
U_voxels_126 0.136905570 -0.850955311 0.507081772 0.850955311 -0.161013076 -0.499949846 0.507081772 0.499949846 0.702081354
eps_voxels_126 0.000605302 0.000068763 -0.000990300 -0.001774634 -0.000074085 0.001295987
pos_voxels_127 0.020000000 -0.030000000 0.000000000
U_voxels_127 0.136905570 -0.850955311 0.507081772 0.850955311 -0.161013076 -0.499949846 0.507081772 0.499949846 0.702081354
eps_voxels_127 0.000517713 0.000119734 -0.000962607 -0.001586755 -0.000084389 0.001232937
pos_voxels_128 0.020000000 -0.025000000 0.000000000
U_voxels_128 0.136905570 -0.850955311 0.507081772 0.850955311 -0.161013076 -0.499949846 0.507081772 0.499949846 0.702081354
eps_voxels_128 0.000430124 0.000170706 -0.000934914 -0.001398877 -0.000094693 0.001169888
pos_voxels_129 0.020000000 -0.020000000 0.000000000
U_voxels_129 0.136905570 -0.850955311 0.507081772 0.850955311 -0.161013076 -0.499949846 0.507081772 0.499949846 0.702081354
eps_voxels_129 0.000342535 0.000221678 -0.000907221 -0.001210999 -0.000104997 0.001106838
pos_voxels_130 0.020000000 -0.015000000 0.000000000
U_voxels_130 0.136905570 -0.850955311 0.507081772 0.850955311 -0.161013076 -0.499949846 0.507081772 0.499949846 0.702081354
eps_voxels_130 0.000254946 0.000272650 -0.000879529 -0.001023121 -0.000115302 0.001043788
pos_voxels_131 0.020000000 -0.010000000 0.000000000
U_voxels_131 0.136905570 -0.850955311 0.507081772 0.850955311 -0.161013076 -0.499949846 0.507081772 0.499949846 0.702081354
eps_voxels_131 0.000167358 0.000323622 -0.000851836 -0.000835243 -0.000125606 0.000980739
pos_voxels_132 0.020000000 -0.005000000 0.000000000
U_voxels_132 0.136905570 -0.850955311 0.507081772 0.850955311 -0.161013076 -0.499949846 0.507081772 0.499949846 0.702081354
eps_voxels_132 0.000079769 0.000374594 -0.000824143 -0.000647364 -0.000135910 0.000917689
pos_voxels_133 0.020000000 0.000000000 0.000000000
U_voxels_133 0.136905570 -0.850955311 0.507081772 0.850955311 -0.161013076 -0.499949846 0.507081772 0.499949846 0.702081354
eps_voxels_133 -0.000007820 0.000425565 -0.000796450 -0.000459486 -0.000146215 0.000854640
pos_voxels_134 0.020000000 0.005000000 0.000000000
U_voxels_134 0.136905570 -0.850955311 0.507081772 0.850955311 -0.161013076 -0.499949846 0.507081772 0.499949846 0.702081354
eps_voxels_134 -0.000095409 0.000476537 -0.000768758 -0.000271608 -0.000156519 0.000791590
pos_voxels_135 0.020000000 0.010000000 0.000000000
U_voxels_135 0.136905570 -0.850955311 0.507081772 0.850955311 -0.161013076 -0.499949846 0.507081772 0.499949846 0.702081354
eps_voxels_135 -0.000182998 0.000527509 -0.000741065 -0.000083730 -0.000166823 0.000728541
pos_voxels_136 0.020000000 0.015000000 0.000000000
U_voxels_136 0.136905570 -0.850955311 0.507081772 0.850955311 -0.161013076 -0.499949846 0.507081772 0.499949846 0.702081354
eps_voxels_136 -0.000270587 0.000578481 -0.000713372 0.000104148 -0.000177127 0.000665491
pos_voxels_137 0.020000000 0.020000000 0.000000000
U_voxels_137 0.136905570 -0.850955311 0.507081772 0.850955311 -0.161013076 -0.499949846 0.507081772 0.499949846 0.702081354
eps_voxels_137 -0.000358176 0.000629453 -0.000685679 0.000292026 -0.000187432 0.000602442
pos_voxels_138 0.020000000 0.025000000 0.000000000
U_voxels_138 0.136905570 -0.850955311 0.507081772 0.850955311 -0.161013076 -0.499949846 0.507081772 0.499949846 0.702081354
eps_voxels_138 -0.000445765 0.000680425 -0.000657987 0.000479905 -0.000197736 0.000539392
pos_voxels_139 0.020000000 0.030000000 0.000000000
U_voxels_139 0.136905570 -0.850955311 0.507081772 0.850955311 -0.161013076 -0.499949846 0.507081772 0.499949846 0.702081354
eps_voxels_139 -0.000533353 0.000731397 -0.000630294 0.000667783 -0.000208040 0.000476343
pos_voxels_140 0.020000000 0.035000000 0.000000000
U_voxels_140 0.136905570 -0.850955311 0.507081772 0.850955311 -0.161013076 -0.499949846 0.507081772 0.499949846 0.702081354
eps_voxels_140 -0.000620942 0.000782368 -0.000602601 0.000855661 -0.000218344 0.000413293
pos_voxels_141 0.020000000 0.040000000 0.000000000
U_voxels_141 0.136905570 -0.850955311 0.507081772 0.850955311 -0.161013076 -0.499949846 0.507081772 0.499949846 0.702081354
eps_voxels_141 -0.000708531 0.000833340 -0.000574908 0.001043539 -0.000228649 0.000350244
pos_voxels_142 0.020000000 0.045000000 0.000000000
U_voxels_142 0.136905570 -0.850955311 0.507081772 0.850955311 -0.161013076 -0.499949846 0.507081772 0.499949846 0.702081354
eps_voxels_142 -0.000796120 0.000884312 -0.000547215 0.001231417 -0.000238953 0.000287194
pos_voxels_143 0.025000000 -0.040000000 0.000000000
U_voxels_143 0.136725574 -0.850904244 0.507216015 0.850904244 -0.161288682 -0.499947926 0.507216015 0.499947926 0.701985744
