
direc 'Sn'
stem 'Sn_ssch'
make_image 0
output  'merged.flt' 'delta.flt' 'delta.gve' '.par' '.ubi'
#output  'merged.flt' '.par' '.ubi'
structure_phase_0 '/home/axel/workspace/scanning-3dxrd-simulations/ModelScanning3DXRD/scripts/simul/Sn.cif'
y_size 0.0500
z_size 0.0500
dety_size 2048
detz_size 2048
distance 162.888383321
tilt_x -0.00260053595757
tilt_y -0.00366923010272
tilt_z 0.00463564130438
o11 1
o12 0
o21 0
o22 -1
noise 0
intensity_const 1
lorentz_apply 1
beampol_apply 0
peakshape 0
wavelength 0.21878
beamflux 1e-12
beampol_factor 1
beampol_direct 0
dety_center 998.798998
detz_center 1041.55049636
omega_start 0
omega_end 180
omega_step 1.0
omega_sign 1
theta_min 0
theta_max 8
wedge -0.0142439915706
#spatial '/home/axel/workspace/fable/ModelScanning3DXRD/scripts/simul/frelon4m.spline'

no_voxels 134
voxel_grain_map {0:0,1:0,2:0,3:0,4:0,5:0,6:0,7:0,8:0,9:0,10:0,11:0,12:0,13:0,14:0,15:0,16:0,17:0,18:0,19:0,20:0,21:0,22:0,23:0,24:0,25:0,26:0,27:0,28:0,29:0,30:0,31:0,32:0,33:0,34:0,35:0,36:0,37:0,38:0,39:0,40:0,41:0,42:0,43:0,44:0,45:0,46:0,47:0,48:0,49:0,50:0,51:0,52:0,53:0,54:0,55:0,56:0,57:0,58:0,59:0,60:0,61:0,62:0,63:0,64:0,65:0,66:0,67:0,68:0,69:0,70:0,71:0,72:0,73:0,74:0,75:0,76:0,77:0,78:0,79:0,80:0,81:0,82:0,83:0,84:0,85:0,86:0,87:0,88:0,89:0,90:0,91:0,92:0,93:0,94:0,95:0,96:0,97:0,98:0,99:0,100:0,101:0,102:0,103:0,104:0,105:0,106:0,107:0,108:0,109:0,110:0,111:0,112:0,113:0,114:0,115:0,116:0,117:0,118:0,119:0,120:0,121:0,122:0,123:0,124:0,125:0,126:0,127:0,128:0,129:0,130:0,131:0,132:0,133:0}
gen_size 1 -0.006203566 0.000000000 100.000000000
sample_xyz 0.080000000 0.080000000 0.015000000
beam_width 0.005000000
gen_U 0
pos_voxels_0 -0.035000000 0.010000000 0.000000000
U_voxels_0 0.145750240 -0.853370936 0.500514648 0.853370936 -0.147506984 -0.499999735 0.500514648 0.499999735 0.706742776
eps_voxels_0 -0.000069896 0.000441687 0.000620682 0.000611730 -0.000988518 -0.000732989
pos_voxels_1 -0.035000000 0.015000000 0.000000000
U_voxels_1 0.145750240 -0.853370936 0.500514648 0.853370936 -0.147506984 -0.499999735 0.500514648 0.499999735 0.706742776
eps_voxels_1 -0.000158666 0.000489353 0.000648834 0.000800857 -0.000996445 -0.000796106
pos_voxels_2 -0.030000000 0.010000000 0.000000000
U_voxels_2 0.145568655 -0.853323175 0.500648904 0.853323175 -0.147783557 -0.499999579 0.500648904 0.499999579 0.706647788
eps_voxels_2 -0.000074525 0.000408858 0.000532431 0.000555874 -0.000880130 -0.000635265
pos_voxels_3 -0.030000000 0.015000000 0.000000000
U_voxels_3 0.145568655 -0.853323175 0.500648904 0.853323175 -0.147783557 -0.499999579 0.500648904 0.499999579 0.706647788
eps_voxels_3 -0.000163272 0.000456591 0.000560574 0.000744977 -0.000888106 -0.000698381
pos_voxels_4 -0.030000000 0.020000000 0.000000000
U_voxels_4 0.145568655 -0.853323175 0.500648904 0.853323175 -0.147783557 -0.499999579 0.500648904 0.499999579 0.706647788
eps_voxels_4 -0.000252018 0.000504325 0.000588717 0.000934079 -0.000896082 -0.000761497
pos_voxels_5 -0.030000000 0.025000000 0.000000000
U_voxels_5 0.145568655 -0.853323175 0.500648904 0.853323175 -0.147783557 -0.499999579 0.500648904 0.499999579 0.706647788
eps_voxels_5 -0.000340765 0.000552058 0.000616860 0.001123182 -0.000904058 -0.000824613
pos_voxels_6 -0.025000000 0.005000000 0.000000000
U_voxels_6 0.145387103 -0.853275346 0.500783160 0.853275346 -0.148060111 -0.499999387 0.500783160 0.499999387 0.706552786
eps_voxels_6 0.000009529 0.000328181 0.000416113 0.000311041 -0.000763626 -0.000474486
pos_voxels_7 -0.025000000 0.010000000 0.000000000
U_voxels_7 0.145387103 -0.853275346 0.500783160 0.853275346 -0.148060111 -0.499999387 0.500783160 0.499999387 0.706552786
eps_voxels_7 -0.000079194 0.000375982 0.000444247 0.000500119 -0.000771650 -0.000537601
pos_voxels_8 -0.025000000 0.015000000 0.000000000
U_voxels_8 0.145387103 -0.853275346 0.500783160 0.853275346 -0.148060111 -0.499999387 0.500783160 0.499999387 0.706552786
eps_voxels_8 -0.000167917 0.000423784 0.000472381 0.000689197 -0.000779675 -0.000600716
pos_voxels_9 -0.025000000 0.020000000 0.000000000
U_voxels_9 0.145387103 -0.853275346 0.500783160 0.853275346 -0.148060111 -0.499999387 0.500783160 0.499999387 0.706552786
eps_voxels_9 -0.000256640 0.000471585 0.000500515 0.000878275 -0.000787700 -0.000663831
pos_voxels_10 -0.025000000 0.025000000 0.000000000
U_voxels_10 0.145387103 -0.853275346 0.500783160 0.853275346 -0.148060111 -0.499999387 0.500783160 0.499999387 0.706552786
eps_voxels_10 -0.000345363 0.000519387 0.000528649 0.001067353 -0.000795724 -0.000726946
pos_voxels_11 -0.025000000 0.030000000 0.000000000
U_voxels_11 0.145387103 -0.853275346 0.500783160 0.853275346 -0.148060111 -0.499999387 0.500783160 0.499999387 0.706552786
eps_voxels_11 -0.000434086 0.000567189 0.000556783 0.001256431 -0.000803749 -0.000790062
pos_voxels_12 -0.020000000 0.005000000 0.000000000
U_voxels_12 0.145205582 -0.853227450 0.500917416 0.853227450 -0.148336646 -0.499999158 0.500917416 0.499999158 0.706457772
eps_voxels_12 0.000004797 0.000295192 0.000328004 0.000255411 -0.000655006 -0.000376883
pos_voxels_13 -0.020000000 0.010000000 0.000000000
U_voxels_13 0.145205582 -0.853227450 0.500917416 0.853227450 -0.148336646 -0.499999158 0.500917416 0.499999158 0.706457772
eps_voxels_13 -0.000083903 0.000343061 0.000356129 0.000444464 -0.000663079 -0.000439997
pos_voxels_14 -0.020000000 0.015000000 0.000000000
U_voxels_14 0.145205582 -0.853227450 0.500917416 0.853227450 -0.148336646 -0.499999158 0.500917416 0.499999158 0.706457772
eps_voxels_14 -0.000172602 0.000390931 0.000384254 0.000633518 -0.000671152 -0.000503112
pos_voxels_15 -0.020000000 0.020000000 0.000000000
U_voxels_15 0.145205582 -0.853227450 0.500917416 0.853227450 -0.148336646 -0.499999158 0.500917416 0.499999158 0.706457772
eps_voxels_15 -0.000261302 0.000438800 0.000412379 0.000822571 -0.000679226 -0.000566226
pos_voxels_16 -0.020000000 0.025000000 0.000000000
U_voxels_16 0.145205582 -0.853227450 0.500917416 0.853227450 -0.148336646 -0.499999158 0.500917416 0.499999158 0.706457772
eps_voxels_16 -0.000350002 0.000486670 0.000440504 0.001011625 -0.000687299 -0.000629340
pos_voxels_17 -0.020000000 0.030000000 0.000000000
U_voxels_17 0.145205582 -0.853227450 0.500917416 0.853227450 -0.148336646 -0.499999158 0.500917416 0.499999158 0.706457772
eps_voxels_17 -0.000438701 0.000534539 0.000468629 0.001200679 -0.000695372 -0.000692454
pos_voxels_18 -0.015000000 0.005000000 0.000000000
U_voxels_18 0.145024093 -0.853179485 0.501051672 0.853179485 -0.148613161 -0.499998894 0.501051672 0.499998894 0.706362745
eps_voxels_18 0.000000024 0.000262157 0.000239961 0.000199881 -0.000546294 -0.000279342
pos_voxels_19 -0.015000000 0.010000000 0.000000000
U_voxels_19 0.145024093 -0.853179485 0.501051672 0.853179485 -0.148613161 -0.499998894 0.501051672 0.499998894 0.706362745
eps_voxels_19 -0.000088652 0.000310094 0.000268077 0.000388910 -0.000554416 -0.000342455
pos_voxels_20 -0.015000000 0.015000000 0.000000000
U_voxels_20 0.145024093 -0.853179485 0.501051672 0.853179485 -0.148613161 -0.499998894 0.501051672 0.499998894 0.706362745
eps_voxels_20 -0.000177328 0.000358032 0.000296193 0.000577939 -0.000562538 -0.000405568
pos_voxels_21 -0.015000000 0.020000000 0.000000000
U_voxels_21 0.145024093 -0.853179485 0.501051672 0.853179485 -0.148613161 -0.499998894 0.501051672 0.499998894 0.706362745
eps_voxels_21 -0.000266004 0.000405969 0.000324309 0.000766968 -0.000570660 -0.000468681
pos_voxels_22 -0.015000000 0.025000000 0.000000000
U_voxels_22 0.145024093 -0.853179485 0.501051672 0.853179485 -0.148613161 -0.499998894 0.501051672 0.499998894 0.706362745
eps_voxels_22 -0.000354680 0.000453907 0.000352425 0.000955997 -0.000578782 -0.000531794
pos_voxels_23 -0.015000000 0.030000000 0.000000000
U_voxels_23 0.145024093 -0.853179485 0.501051672 0.853179485 -0.148613161 -0.499998894 0.501051672 0.499998894 0.706362745
eps_voxels_23 -0.000443356 0.000501845 0.000380541 0.001145026 -0.000586904 -0.000594907
pos_voxels_24 -0.015000000 0.035000000 0.000000000
U_voxels_24 0.145024093 -0.853179485 0.501051672 0.853179485 -0.148613161 -0.499998894 0.501051672 0.499998894 0.706362745
eps_voxels_24 -0.000532032 0.000549782 0.000408658 0.001334055 -0.000595026 -0.000658020
pos_voxels_25 -0.010000000 0.005000000 0.000000000
U_voxels_25 0.144842637 -0.853131453 0.501185928 0.853131453 -0.148889657 -0.499998594 0.501185928 0.499998594 0.706267706
eps_voxels_25 -0.000004788 0.000229076 0.000151984 0.000144453 -0.000437491 -0.000181861
pos_voxels_26 -0.010000000 0.010000000 0.000000000
U_voxels_26 0.144842637 -0.853131453 0.501185928 0.853131453 -0.148889657 -0.499998594 0.501185928 0.499998594 0.706267706
eps_voxels_26 -0.000093441 0.000277082 0.000180092 0.000333458 -0.000445661 -0.000244973
pos_voxels_27 -0.010000000 0.015000000 0.000000000
U_voxels_27 0.144842637 -0.853131453 0.501185928 0.853131453 -0.148889657 -0.499998594 0.501185928 0.499998594 0.706267706
eps_voxels_27 -0.000182094 0.000325087 0.000208199 0.000522462 -0.000453832 -0.000308085
pos_voxels_28 -0.010000000 0.020000000 0.000000000
U_voxels_28 0.144842637 -0.853131453 0.501185928 0.853131453 -0.148889657 -0.499998594 0.501185928 0.499998594 0.706267706
eps_voxels_28 -0.000270746 0.000373093 0.000236306 0.000711466 -0.000462003 -0.000371197
pos_voxels_29 -0.010000000 0.025000000 0.000000000
U_voxels_29 0.144842637 -0.853131453 0.501185928 0.853131453 -0.148889657 -0.499998594 0.501185928 0.499998594 0.706267706
eps_voxels_29 -0.000359399 0.000421098 0.000264413 0.000900471 -0.000470173 -0.000434309
pos_voxels_30 -0.010000000 0.030000000 0.000000000
U_voxels_30 0.144842637 -0.853131453 0.501185928 0.853131453 -0.148889657 -0.499998594 0.501185928 0.499998594 0.706267706
eps_voxels_30 -0.000448051 0.000469104 0.000292520 0.001089475 -0.000478344 -0.000497421
pos_voxels_31 -0.010000000 0.035000000 0.000000000
U_voxels_31 0.144842637 -0.853131453 0.501185928 0.853131453 -0.148889657 -0.499998594 0.501185928 0.499998594 0.706267706
eps_voxels_31 -0.000536704 0.000517109 0.000320627 0.001278479 -0.000486515 -0.000560533
pos_voxels_32 -0.005000000 0.005000000 0.000000000
U_voxels_32 0.144661212 -0.853083353 0.501320183 0.853083353 -0.149166134 -0.499998257 0.501320183 0.499998257 0.706172654
eps_voxels_32 -0.000009641 0.000195951 0.000064074 0.000089126 -0.000328596 -0.000084441
pos_voxels_33 -0.005000000 0.010000000 0.000000000
U_voxels_33 0.144661212 -0.853083353 0.501320183 0.853083353 -0.149166134 -0.499998257 0.501320183 0.499998257 0.706172654
eps_voxels_33 -0.000098270 0.000244024 0.000092172 0.000278106 -0.000336815 -0.000147552
pos_voxels_34 -0.005000000 0.015000000 0.000000000
U_voxels_34 0.144661212 -0.853083353 0.501320183 0.853083353 -0.149166134 -0.499998257 0.501320183 0.499998257 0.706172654
eps_voxels_34 -0.000186899 0.000292098 0.000120270 0.000467085 -0.000345035 -0.000210663
pos_voxels_35 -0.005000000 0.020000000 0.000000000
U_voxels_35 0.144661212 -0.853083353 0.501320183 0.853083353 -0.149166134 -0.499998257 0.501320183 0.499998257 0.706172654
eps_voxels_35 -0.000275528 0.000340171 0.000148369 0.000656065 -0.000353254 -0.000273774
pos_voxels_36 -0.005000000 0.025000000 0.000000000
U_voxels_36 0.144661212 -0.853083353 0.501320183 0.853083353 -0.149166134 -0.499998257 0.501320183 0.499998257 0.706172654
eps_voxels_36 -0.000364157 0.000388244 0.000176467 0.000845045 -0.000361473 -0.000336885
pos_voxels_37 -0.005000000 0.030000000 0.000000000
U_voxels_37 0.144661212 -0.853083353 0.501320183 0.853083353 -0.149166134 -0.499998257 0.501320183 0.499998257 0.706172654
eps_voxels_37 -0.000452786 0.000436318 0.000204565 0.001034024 -0.000369692 -0.000399996
pos_voxels_38 -0.005000000 0.035000000 0.000000000
U_voxels_38 0.144661212 -0.853083353 0.501320183 0.853083353 -0.149166134 -0.499998257 0.501320183 0.499998257 0.706172654
eps_voxels_38 -0.000541415 0.000484391 0.000232663 0.001223004 -0.000377912 -0.000463107
pos_voxels_39 0.000000000 0.000000000 0.000000000
U_voxels_39 0.144479820 -0.853035185 0.501454439 0.853035185 -0.149442592 -0.499997885 0.501454439 0.499997885 0.706077589
eps_voxels_39 0.000074071 0.000114638 -0.000051859 -0.000155055 -0.000211342 0.000076028
pos_voxels_40 0.000000000 0.005000000 0.000000000
U_voxels_40 0.144479820 -0.853035185 0.501454439 0.853035185 -0.149442592 -0.499997885 0.501454439 0.499997885 0.706077589
eps_voxels_40 -0.000014534 0.000162780 -0.000023770 0.000033900 -0.000219610 0.000012918
pos_voxels_41 0.000000000 0.010000000 0.000000000
U_voxels_41 0.144479820 -0.853035185 0.501454439 0.853035185 -0.149442592 -0.499997885 0.501454439 0.499997885 0.706077589
eps_voxels_41 -0.000103140 0.000210921 0.000004319 0.000222855 -0.000227877 -0.000050192
pos_voxels_42 0.000000000 0.015000000 0.000000000
U_voxels_42 0.144479820 -0.853035185 0.501454439 0.853035185 -0.149442592 -0.499997885 0.501454439 0.499997885 0.706077589
eps_voxels_42 -0.000191745 0.000259062 0.000032409 0.000411810 -0.000236145 -0.000113302
pos_voxels_43 0.000000000 0.020000000 0.000000000
U_voxels_43 0.144479820 -0.853035185 0.501454439 0.853035185 -0.149442592 -0.499997885 0.501454439 0.499997885 0.706077589
eps_voxels_43 -0.000280350 0.000307203 0.000060498 0.000600765 -0.000244413 -0.000176411
pos_voxels_44 0.000000000 0.025000000 0.000000000
U_voxels_44 0.144479820 -0.853035185 0.501454439 0.853035185 -0.149442592 -0.499997885 0.501454439 0.499997885 0.706077589
eps_voxels_44 -0.000368956 0.000355345 0.000088587 0.000789720 -0.000252681 -0.000239521
pos_voxels_45 0.000000000 0.030000000 0.000000000
U_voxels_45 0.144479820 -0.853035185 0.501454439 0.853035185 -0.149442592 -0.499997885 0.501454439 0.499997885 0.706077589
eps_voxels_45 -0.000457561 0.000403486 0.000116676 0.000978675 -0.000260949 -0.000302631
pos_voxels_46 0.000000000 0.035000000 0.000000000
U_voxels_46 0.144479820 -0.853035185 0.501454439 0.853035185 -0.149442592 -0.499997885 0.501454439 0.499997885 0.706077589
eps_voxels_46 -0.000546167 0.000451627 0.000144765 0.001167630 -0.000269217 -0.000365741
pos_voxels_47 0.005000000 -0.025000000 0.000000000
U_voxels_47 0.144298460 -0.852986950 0.501588694 0.852986950 -0.149719030 -0.499997476 0.501588694 0.499997476 0.705982511
eps_voxels_47 0.000512023 -0.000159692 -0.000280029 -0.001154807 -0.000060632 0.000488869
pos_voxels_48 0.005000000 -0.020000000 0.000000000
U_voxels_48 0.144298460 -0.852986950 0.501588694 0.852986950 -0.149719030 -0.499997476 0.501588694 0.499997476 0.705982511
eps_voxels_48 0.000423441 -0.000111483 -0.000251949 -0.000965877 -0.000068949 0.000425760
pos_voxels_49 0.005000000 -0.015000000 0.000000000
U_voxels_49 0.144298460 -0.852986950 0.501588694 0.852986950 -0.149719030 -0.499997476 0.501588694 0.499997476 0.705982511
eps_voxels_49 0.000334859 -0.000063274 -0.000223868 -0.000776947 -0.000077265 0.000362651
pos_voxels_50 0.005000000 -0.010000000 0.000000000
U_voxels_50 0.144298460 -0.852986950 0.501588694 0.852986950 -0.149719030 -0.499997476 0.501588694 0.499997476 0.705982511
eps_voxels_50 0.000246278 -0.000015065 -0.000195788 -0.000588016 -0.000085582 0.000299543
pos_voxels_51 0.005000000 -0.005000000 0.000000000
U_voxels_51 0.144298460 -0.852986950 0.501588694 0.852986950 -0.149719030 -0.499997476 0.501588694 0.499997476 0.705982511
eps_voxels_51 0.000157696 0.000033145 -0.000167708 -0.000399086 -0.000093899 0.000236434
pos_voxels_52 0.005000000 0.000000000 0.000000000
U_voxels_52 0.144298460 -0.852986950 0.501588694 0.852986950 -0.149719030 -0.499997476 0.501588694 0.499997476 0.705982511
eps_voxels_52 0.000069114 0.000081354 -0.000139628 -0.000210156 -0.000102215 0.000173325
pos_voxels_53 0.005000000 0.005000000 0.000000000
U_voxels_53 0.144298460 -0.852986950 0.501588694 0.852986950 -0.149719030 -0.499997476 0.501588694 0.499997476 0.705982511
eps_voxels_53 -0.000019468 0.000129563 -0.000111547 -0.000021226 -0.000110532 0.000110216
pos_voxels_54 0.005000000 0.010000000 0.000000000
U_voxels_54 0.144298460 -0.852986950 0.501588694 0.852986950 -0.149719030 -0.499997476 0.501588694 0.499997476 0.705982511
eps_voxels_54 -0.000108049 0.000177772 -0.000083467 0.000167705 -0.000118848 0.000047108
pos_voxels_55 0.005000000 0.015000000 0.000000000
U_voxels_55 0.144298460 -0.852986950 0.501588694 0.852986950 -0.149719030 -0.499997476 0.501588694 0.499997476 0.705982511
eps_voxels_55 -0.000196631 0.000225981 -0.000055387 0.000356635 -0.000127165 -0.000016001
pos_voxels_56 0.005000000 0.020000000 0.000000000
U_voxels_56 0.144298460 -0.852986950 0.501588694 0.852986950 -0.149719030 -0.499997476 0.501588694 0.499997476 0.705982511
eps_voxels_56 -0.000285213 0.000274191 -0.000027307 0.000545565 -0.000135481 -0.000079110
pos_voxels_57 0.005000000 0.025000000 0.000000000
U_voxels_57 0.144298460 -0.852986950 0.501588694 0.852986950 -0.149719030 -0.499997476 0.501588694 0.499997476 0.705982511
eps_voxels_57 -0.000373795 0.000322400 0.000000773 0.000734495 -0.000143798 -0.000142219
pos_voxels_58 0.005000000 0.030000000 0.000000000
U_voxels_58 0.144298460 -0.852986950 0.501588694 0.852986950 -0.149719030 -0.499997476 0.501588694 0.499997476 0.705982511
eps_voxels_58 -0.000462376 0.000370609 0.000028854 0.000923426 -0.000152114 -0.000205327
pos_voxels_59 0.005000000 0.035000000 0.000000000
U_voxels_59 0.144298460 -0.852986950 0.501588694 0.852986950 -0.149719030 -0.499997476 0.501588694 0.499997476 0.705982511
eps_voxels_59 -0.000550958 0.000418818 0.000056934 0.001112356 -0.000160431 -0.000268436
pos_voxels_60 0.010000000 -0.035000000 0.000000000
U_voxels_60 0.144117131 -0.852938646 0.501722950 0.852938646 -0.149995448 -0.499997031 0.501722950 0.499997031 0.705887420
eps_voxels_60 0.000684023 -0.000289916 -0.000423828 -0.001587493 0.000065559 0.000712314
pos_voxels_61 0.010000000 -0.030000000 0.000000000
U_voxels_61 0.144117131 -0.852938646 0.501722950 0.852938646 -0.149995448 -0.499997031 0.501722950 0.499997031 0.705887420
eps_voxels_61 0.000595465 -0.000241638 -0.000395757 -0.001398588 0.000057194 0.000649207
pos_voxels_62 0.010000000 -0.025000000 0.000000000
U_voxels_62 0.144117131 -0.852938646 0.501722950 0.852938646 -0.149995448 -0.499997031 0.501722950 0.499997031 0.705887420
eps_voxels_62 0.000506907 -0.000193361 -0.000367686 -0.001209682 0.000048829 0.000586099
pos_voxels_63 0.010000000 -0.020000000 0.000000000
U_voxels_63 0.144117131 -0.852938646 0.501722950 0.852938646 -0.149995448 -0.499997031 0.501722950 0.499997031 0.705887420
eps_voxels_63 0.000418349 -0.000145084 -0.000339615 -0.001020777 0.000040464 0.000522992
pos_voxels_64 0.010000000 -0.015000000 0.000000000
U_voxels_64 0.144117131 -0.852938646 0.501722950 0.852938646 -0.149995448 -0.499997031 0.501722950 0.499997031 0.705887420
eps_voxels_64 0.000329791 -0.000096807 -0.000311543 -0.000831871 0.000032098 0.000459884
pos_voxels_65 0.010000000 -0.010000000 0.000000000
U_voxels_65 0.144117131 -0.852938646 0.501722950 0.852938646 -0.149995448 -0.499997031 0.501722950 0.499997031 0.705887420
eps_voxels_65 0.000241233 -0.000048530 -0.000283472 -0.000642966 0.000023733 0.000396776
pos_voxels_66 0.010000000 -0.005000000 0.000000000
U_voxels_66 0.144117131 -0.852938646 0.501722950 0.852938646 -0.149995448 -0.499997031 0.501722950 0.499997031 0.705887420
eps_voxels_66 0.000152675 -0.000000253 -0.000255401 -0.000454061 0.000015368 0.000333669
pos_voxels_67 0.010000000 0.000000000 0.000000000
U_voxels_67 0.144117131 -0.852938646 0.501722950 0.852938646 -0.149995448 -0.499997031 0.501722950 0.499997031 0.705887420
eps_voxels_67 0.000064117 0.000048024 -0.000227330 -0.000265155 0.000007003 0.000270561
pos_voxels_68 0.010000000 0.005000000 0.000000000
U_voxels_68 0.144117131 -0.852938646 0.501722950 0.852938646 -0.149995448 -0.499997031 0.501722950 0.499997031 0.705887420
eps_voxels_68 -0.000024441 0.000096301 -0.000199259 -0.000076250 -0.000001362 0.000207454
pos_voxels_69 0.010000000 0.010000000 0.000000000
U_voxels_69 0.144117131 -0.852938646 0.501722950 0.852938646 -0.149995448 -0.499997031 0.501722950 0.499997031 0.705887420
eps_voxels_69 -0.000112999 0.000144578 -0.000171187 0.000112656 -0.000009728 0.000144346
pos_voxels_70 0.010000000 0.015000000 0.000000000
U_voxels_70 0.144117131 -0.852938646 0.501722950 0.852938646 -0.149995448 -0.499997031 0.501722950 0.499997031 0.705887420
eps_voxels_70 -0.000201557 0.000192855 -0.000143116 0.000301561 -0.000018093 0.000081238
pos_voxels_71 0.010000000 0.020000000 0.000000000
U_voxels_71 0.144117131 -0.852938646 0.501722950 0.852938646 -0.149995448 -0.499997031 0.501722950 0.499997031 0.705887420
eps_voxels_71 -0.000290115 0.000241132 -0.000115045 0.000490467 -0.000026458 0.000018131
pos_voxels_72 0.010000000 0.025000000 0.000000000
U_voxels_72 0.144117131 -0.852938646 0.501722950 0.852938646 -0.149995448 -0.499997031 0.501722950 0.499997031 0.705887420
eps_voxels_72 -0.000378673 0.000289409 -0.000086974 0.000679372 -0.000034823 -0.000044977
pos_voxels_73 0.010000000 0.030000000 0.000000000
U_voxels_73 0.144117131 -0.852938646 0.501722950 0.852938646 -0.149995448 -0.499997031 0.501722950 0.499997031 0.705887420
eps_voxels_73 -0.000467232 0.000337687 -0.000058902 0.000868278 -0.000043188 -0.000108084
pos_voxels_74 0.010000000 0.035000000 0.000000000
U_voxels_74 0.144117131 -0.852938646 0.501722950 0.852938646 -0.149995448 -0.499997031 0.501722950 0.499997031 0.705887420
eps_voxels_74 -0.000555790 0.000385964 -0.000030831 0.001057183 -0.000051553 -0.000171192
pos_voxels_75 0.015000000 -0.035000000 0.000000000
U_voxels_75 0.143935835 -0.852890275 0.501857205 0.852890275 -0.150271848 -0.499996551 0.501857205 0.499996551 0.705792317
eps_voxels_75 0.000678820 -0.000323765 -0.000511401 -0.001642217 0.000175209 0.000809482
pos_voxels_76 0.015000000 -0.030000000 0.000000000
U_voxels_76 0.143935835 -0.852890275 0.501857205 0.852890275 -0.150271848 -0.499996551 0.501857205 0.499996551 0.705792317
eps_voxels_76 0.000590286 -0.000275420 -0.000483338 -0.001453337 0.000166795 0.000746375
pos_voxels_77 0.015000000 -0.025000000 0.000000000
U_voxels_77 0.143935835 -0.852890275 0.501857205 0.852890275 -0.150271848 -0.499996551 0.501857205 0.499996551 0.705792317
eps_voxels_77 0.000501751 -0.000227076 -0.000455276 -0.001264456 0.000158381 0.000683269
pos_voxels_78 0.015000000 -0.020000000 0.000000000
U_voxels_78 0.143935835 -0.852890275 0.501857205 0.852890275 -0.150271848 -0.499996551 0.501857205 0.499996551 0.705792317
eps_voxels_78 0.000413217 -0.000178731 -0.000427214 -0.001075575 0.000149967 0.000620162
pos_voxels_79 0.015000000 -0.015000000 0.000000000
U_voxels_79 0.143935835 -0.852890275 0.501857205 0.852890275 -0.150271848 -0.499996551 0.501857205 0.499996551 0.705792317
eps_voxels_79 0.000324682 -0.000130386 -0.000399152 -0.000886695 0.000141554 0.000557056
pos_voxels_80 0.015000000 -0.010000000 0.000000000
U_voxels_80 0.143935835 -0.852890275 0.501857205 0.852890275 -0.150271848 -0.499996551 0.501857205 0.499996551 0.705792317
eps_voxels_80 0.000236148 -0.000082041 -0.000371090 -0.000697814 0.000133140 0.000493949
pos_voxels_81 0.015000000 -0.005000000 0.000000000
U_voxels_81 0.143935835 -0.852890275 0.501857205 0.852890275 -0.150271848 -0.499996551 0.501857205 0.499996551 0.705792317
eps_voxels_81 0.000147614 -0.000033696 -0.000343027 -0.000508934 0.000124726 0.000430843
pos_voxels_82 0.015000000 0.000000000 0.000000000
U_voxels_82 0.143935835 -0.852890275 0.501857205 0.852890275 -0.150271848 -0.499996551 0.501857205 0.499996551 0.705792317
eps_voxels_82 0.000059079 0.000014649 -0.000314965 -0.000320053 0.000116312 0.000367736
pos_voxels_83 0.015000000 0.005000000 0.000000000
U_voxels_83 0.143935835 -0.852890275 0.501857205 0.852890275 -0.150271848 -0.499996551 0.501857205 0.499996551 0.705792317
eps_voxels_83 -0.000029455 0.000062994 -0.000286903 -0.000131172 0.000107898 0.000304630
pos_voxels_84 0.015000000 0.010000000 0.000000000
U_voxels_84 0.143935835 -0.852890275 0.501857205 0.852890275 -0.150271848 -0.499996551 0.501857205 0.499996551 0.705792317
eps_voxels_84 -0.000117989 0.000111339 -0.000258841 0.000057708 0.000099485 0.000241524
pos_voxels_85 0.015000000 0.015000000 0.000000000
U_voxels_85 0.143935835 -0.852890275 0.501857205 0.852890275 -0.150271848 -0.499996551 0.501857205 0.499996551 0.705792317
eps_voxels_85 -0.000206524 0.000159684 -0.000230779 0.000246589 0.000091071 0.000178417
pos_voxels_86 0.015000000 0.020000000 0.000000000
U_voxels_86 0.143935835 -0.852890275 0.501857205 0.852890275 -0.150271848 -0.499996551 0.501857205 0.499996551 0.705792317
eps_voxels_86 -0.000295058 0.000208029 -0.000202717 0.000435469 0.000082657 0.000115311
pos_voxels_87 0.015000000 0.025000000 0.000000000
U_voxels_87 0.143935835 -0.852890275 0.501857205 0.852890275 -0.150271848 -0.499996551 0.501857205 0.499996551 0.705792317
eps_voxels_87 -0.000383592 0.000256374 -0.000174654 0.000624350 0.000074243 0.000052204
pos_voxels_88 0.015000000 0.030000000 0.000000000
U_voxels_88 0.143935835 -0.852890275 0.501857205 0.852890275 -0.150271848 -0.499996551 0.501857205 0.499996551 0.705792317
eps_voxels_88 -0.000472127 0.000304719 -0.000146592 0.000813231 0.000065829 -0.000010902
pos_voxels_89 0.015000000 0.035000000 0.000000000
U_voxels_89 0.143935835 -0.852890275 0.501857205 0.852890275 -0.150271848 -0.499996551 0.501857205 0.499996551 0.705792317
eps_voxels_89 -0.000560661 0.000353064 -0.000118530 0.001002111 0.000057415 -0.000074009
pos_voxels_90 0.020000000 -0.030000000 0.000000000
U_voxels_90 0.143754571 -0.852841836 0.501991460 0.852841836 -0.150548227 -0.499996034 0.501991460 0.499996034 0.705697201
eps_voxels_90 0.000585065 -0.000309247 -0.000570853 -0.001507984 0.000276487 0.000843482
pos_voxels_91 0.020000000 -0.025000000 0.000000000
U_voxels_91 0.143754571 -0.852841836 0.501991460 0.852841836 -0.150548227 -0.499996034 0.501991460 0.499996034 0.705697201
eps_voxels_91 0.000496555 -0.000260835 -0.000542800 -0.001319128 0.000268025 0.000780377
pos_voxels_92 0.020000000 -0.020000000 0.000000000
U_voxels_92 0.143754571 -0.852841836 0.501991460 0.852841836 -0.150548227 -0.499996034 0.501991460 0.499996034 0.705697201
eps_voxels_92 0.000408044 -0.000212422 -0.000514747 -0.001130272 0.000259563 0.000717272
pos_voxels_93 0.020000000 -0.015000000 0.000000000
U_voxels_93 0.143754571 -0.852841836 0.501991460 0.852841836 -0.150548227 -0.499996034 0.501991460 0.499996034 0.705697201
eps_voxels_93 0.000319533 -0.000164009 -0.000486694 -0.000941417 0.000251100 0.000654166
pos_voxels_94 0.020000000 -0.010000000 0.000000000
U_voxels_94 0.143754571 -0.852841836 0.501991460 0.852841836 -0.150548227 -0.499996034 0.501991460 0.499996034 0.705697201
eps_voxels_94 0.000231023 -0.000115596 -0.000458640 -0.000752561 0.000242638 0.000591061
pos_voxels_95 0.020000000 -0.005000000 0.000000000
U_voxels_95 0.143754571 -0.852841836 0.501991460 0.852841836 -0.150548227 -0.499996034 0.501991460 0.499996034 0.705697201
eps_voxels_95 0.000142512 -0.000067184 -0.000430587 -0.000563705 0.000234175 0.000527956
pos_voxels_96 0.020000000 0.000000000 0.000000000
U_voxels_96 0.143754571 -0.852841836 0.501991460 0.852841836 -0.150548227 -0.499996034 0.501991460 0.499996034 0.705697201
eps_voxels_96 0.000054001 -0.000018771 -0.000402534 -0.000374849 0.000225713 0.000464851
pos_voxels_97 0.020000000 0.005000000 0.000000000
U_voxels_97 0.143754571 -0.852841836 0.501991460 0.852841836 -0.150548227 -0.499996034 0.501991460 0.499996034 0.705697201
eps_voxels_97 -0.000034509 0.000029642 -0.000374481 -0.000185994 0.000217250 0.000401745
pos_voxels_98 0.020000000 0.010000000 0.000000000
U_voxels_98 0.143754571 -0.852841836 0.501991460 0.852841836 -0.150548227 -0.499996034 0.501991460 0.499996034 0.705697201
eps_voxels_98 -0.000123020 0.000078055 -0.000346428 0.000002862 0.000208788 0.000338640
pos_voxels_99 0.020000000 0.015000000 0.000000000
U_voxels_99 0.143754571 -0.852841836 0.501991460 0.852841836 -0.150548227 -0.499996034 0.501991460 0.499996034 0.705697201
eps_voxels_99 -0.000211530 0.000126468 -0.000318375 0.000191718 0.000200325 0.000275535
pos_voxels_100 0.020000000 0.020000000 0.000000000
U_voxels_100 0.143754571 -0.852841836 0.501991460 0.852841836 -0.150548227 -0.499996034 0.501991460 0.499996034 0.705697201
eps_voxels_100 -0.000300041 0.000174880 -0.000290322 0.000380573 0.000191863 0.000212429
pos_voxels_101 0.020000000 0.025000000 0.000000000
U_voxels_101 0.143754571 -0.852841836 0.501991460 0.852841836 -0.150548227 -0.499996034 0.501991460 0.499996034 0.705697201
eps_voxels_101 -0.000388552 0.000223293 -0.000262269 0.000569429 0.000183401 0.000149324
pos_voxels_102 0.020000000 0.030000000 0.000000000
U_voxels_102 0.143754571 -0.852841836 0.501991460 0.852841836 -0.150548227 -0.499996034 0.501991460 0.499996034 0.705697201
eps_voxels_102 -0.000477062 0.000271706 -0.000234216 0.000758285 0.000174938 0.000086219
pos_voxels_103 0.025000000 -0.030000000 0.000000000
U_voxels_103 0.143573340 -0.852793329 0.502125715 0.852793329 -0.150824588 -0.499995481 0.502125715 0.499995481 0.705602073
eps_voxels_103 0.000579804 -0.000343119 -0.000658301 -0.001562529 0.000386271 0.000940528
pos_voxels_104 0.025000000 -0.025000000 0.000000000
U_voxels_104 0.143573340 -0.852793329 0.502125715 0.852793329 -0.150824588 -0.499995481 0.502125715 0.499995481 0.705602073
eps_voxels_104 0.000491318 -0.000294639 -0.000630257 -0.001373698 0.000377760 0.000877424
pos_voxels_105 0.025000000 -0.020000000 0.000000000
U_voxels_105 0.143573340 -0.852793329 0.502125715 0.852793329 -0.150824588 -0.499995481 0.502125715 0.499995481 0.705602073
eps_voxels_105 0.000402831 -0.000246158 -0.000602213 -0.001184867 0.000369249 0.000814320
pos_voxels_106 0.025000000 -0.015000000 0.000000000
U_voxels_106 0.143573340 -0.852793329 0.502125715 0.852793329 -0.150824588 -0.499995481 0.502125715 0.499995481 0.705602073
eps_voxels_106 0.000314344 -0.000197678 -0.000574169 -0.000996037 0.000360738 0.000751216
pos_voxels_107 0.025000000 -0.010000000 0.000000000
U_voxels_107 0.143573340 -0.852793329 0.502125715 0.852793329 -0.150824588 -0.499995481 0.502125715 0.499995481 0.705602073
eps_voxels_107 0.000225857 -0.000149197 -0.000546125 -0.000807206 0.000352227 0.000688112
pos_voxels_108 0.025000000 -0.005000000 0.000000000
U_voxels_108 0.143573340 -0.852793329 0.502125715 0.852793329 -0.150824588 -0.499995481 0.502125715 0.499995481 0.705602073
eps_voxels_108 0.000137370 -0.000100716 -0.000518081 -0.000618375 0.000343716 0.000625008
pos_voxels_109 0.025000000 0.000000000 0.000000000
U_voxels_109 0.143573340 -0.852793329 0.502125715 0.852793329 -0.150824588 -0.499995481 0.502125715 0.499995481 0.705602073
eps_voxels_109 0.000048883 -0.000052236 -0.000490036 -0.000429544 0.000335205 0.000561904
pos_voxels_110 0.025000000 0.005000000 0.000000000
U_voxels_110 0.143573340 -0.852793329 0.502125715 0.852793329 -0.150824588 -0.499995481 0.502125715 0.499995481 0.705602073
eps_voxels_110 -0.000039604 -0.000003755 -0.000461992 -0.000240714 0.000326694 0.000498799
pos_voxels_111 0.025000000 0.010000000 0.000000000
U_voxels_111 0.143573340 -0.852793329 0.502125715 0.852793329 -0.150824588 -0.499995481 0.502125715 0.499995481 0.705602073
eps_voxels_111 -0.000128091 0.000044725 -0.000433948 -0.000051883 0.000318182 0.000435695
pos_voxels_112 0.025000000 0.015000000 0.000000000
U_voxels_112 0.143573340 -0.852793329 0.502125715 0.852793329 -0.150824588 -0.499995481 0.502125715 0.499995481 0.705602073
eps_voxels_112 -0.000216577 0.000093206 -0.000405904 0.000136948 0.000309671 0.000372591
pos_voxels_113 0.025000000 0.020000000 0.000000000
U_voxels_113 0.143573340 -0.852793329 0.502125715 0.852793329 -0.150824588 -0.499995481 0.502125715 0.499995481 0.705602073
eps_voxels_113 -0.000305064 0.000141687 -0.000377860 0.000325779 0.000301160 0.000309487
pos_voxels_114 0.025000000 0.025000000 0.000000000
U_voxels_114 0.143573340 -0.852793329 0.502125715 0.852793329 -0.150824588 -0.499995481 0.502125715 0.499995481 0.705602073
eps_voxels_114 -0.000393551 0.000190167 -0.000349816 0.000514609 0.000292649 0.000246383
pos_voxels_115 0.025000000 0.030000000 0.000000000
U_voxels_115 0.143573340 -0.852793329 0.502125715 0.852793329 -0.150824588 -0.499995481 0.502125715 0.499995481 0.705602073
eps_voxels_115 -0.000482038 0.000238648 -0.000321772 0.000703440 0.000284138 0.000183279
pos_voxels_116 0.030000000 -0.025000000 0.000000000
U_voxels_116 0.143392140 -0.852744755 0.502259970 0.852744755 -0.151100929 -0.499994893 0.502259970 0.499994893 0.705506931
eps_voxels_116 0.000486040 -0.000328488 -0.000717647 -0.001428167 0.000487586 0.000974410
pos_voxels_117 0.030000000 -0.020000000 0.000000000
U_voxels_117 0.143392140 -0.852744755 0.502259970 0.852744755 -0.151100929 -0.499994893 0.502259970 0.499994893 0.705506931
eps_voxels_117 0.000397577 -0.000279939 -0.000689612 -0.001239361 0.000479026 0.000911307
pos_voxels_118 0.030000000 -0.015000000 0.000000000
U_voxels_118 0.143392140 -0.852744755 0.502259970 0.852744755 -0.151100929 -0.499994893 0.502259970 0.499994893 0.705506931
eps_voxels_118 0.000309114 -0.000231391 -0.000661577 -0.001050555 0.000470467 0.000848204
pos_voxels_119 0.030000000 -0.010000000 0.000000000
U_voxels_119 0.143392140 -0.852744755 0.502259970 0.852744755 -0.151100929 -0.499994893 0.502259970 0.499994893 0.705506931
eps_voxels_119 0.000220651 -0.000182843 -0.000633542 -0.000861749 0.000461907 0.000785101
pos_voxels_120 0.030000000 -0.005000000 0.000000000
U_voxels_120 0.143392140 -0.852744755 0.502259970 0.852744755 -0.151100929 -0.499994893 0.502259970 0.499994893 0.705506931
eps_voxels_120 0.000132188 -0.000134294 -0.000605507 -0.000672944 0.000453347 0.000721998
pos_voxels_121 0.030000000 0.000000000 0.000000000
U_voxels_121 0.143392140 -0.852744755 0.502259970 0.852744755 -0.151100929 -0.499994893 0.502259970 0.499994893 0.705506931
eps_voxels_121 0.000043725 -0.000085746 -0.000577472 -0.000484138 0.000444788 0.000658895
pos_voxels_122 0.030000000 0.005000000 0.000000000
U_voxels_122 0.143392140 -0.852744755 0.502259970 0.852744755 -0.151100929 -0.499994893 0.502259970 0.499994893 0.705506931
eps_voxels_122 -0.000044739 -0.000037197 -0.000549437 -0.000295332 0.000436228 0.000595793
pos_voxels_123 0.030000000 0.010000000 0.000000000
U_voxels_123 0.143392140 -0.852744755 0.502259970 0.852744755 -0.151100929 -0.499994893 0.502259970 0.499994893 0.705506931
eps_voxels_123 -0.000133202 0.000011351 -0.000521402 -0.000106526 0.000427668 0.000532690
pos_voxels_124 0.030000000 0.015000000 0.000000000
U_voxels_124 0.143392140 -0.852744755 0.502259970 0.852744755 -0.151100929 -0.499994893 0.502259970 0.499994893 0.705506931
eps_voxels_124 -0.000221665 0.000059899 -0.000493367 0.000082280 0.000419108 0.000469587
pos_voxels_125 0.030000000 0.020000000 0.000000000
U_voxels_125 0.143392140 -0.852744755 0.502259970 0.852744755 -0.151100929 -0.499994893 0.502259970 0.499994893 0.705506931
eps_voxels_125 -0.000310128 0.000108448 -0.000465332 0.000271085 0.000410549 0.000406484
pos_voxels_126 0.030000000 0.025000000 0.000000000
U_voxels_126 0.143392140 -0.852744755 0.502259970 0.852744755 -0.151100929 -0.499994893 0.502259970 0.499994893 0.705506931
eps_voxels_126 -0.000398591 0.000156996 -0.000437298 0.000459891 0.000401989 0.000343381
pos_voxels_127 0.035000000 -0.015000000 0.000000000
U_voxels_127 0.143210973 -0.852696113 0.502394225 0.852696113 -0.151377250 -0.499994268 0.502394225 0.499994268 0.705411777
eps_voxels_127 0.000303843 -0.000265149 -0.000748918 -0.001104972 0.000580287 0.000945131
pos_voxels_128 0.035000000 -0.010000000 0.000000000
U_voxels_128 0.143210973 -0.852696113 0.502394225 0.852696113 -0.151377250 -0.499994268 0.502394225 0.499994268 0.705411777
eps_voxels_128 0.000215404 -0.000216533 -0.000720893 -0.000916191 0.000571678 0.000882030
pos_voxels_129 0.035000000 -0.005000000 0.000000000
U_voxels_129 0.143210973 -0.852696113 0.502394225 0.852696113 -0.151377250 -0.499994268 0.502394225 0.499994268 0.705411777
eps_voxels_129 0.000126965 -0.000167917 -0.000692867 -0.000727410 0.000563070 0.000818928
pos_voxels_130 0.035000000 0.000000000 0.000000000
U_voxels_130 0.143210973 -0.852696113 0.502394225 0.852696113 -0.151377250 -0.499994268 0.502394225 0.499994268 0.705411777
eps_voxels_130 0.000038525 -0.000119301 -0.000664841 -0.000538630 0.000554462 0.000755826
pos_voxels_131 0.035000000 0.005000000 0.000000000
U_voxels_131 0.143210973 -0.852696113 0.502394225 0.852696113 -0.151377250 -0.499994268 0.502394225 0.499994268 0.705411777
eps_voxels_131 -0.000049914 -0.000070684 -0.000636815 -0.000349849 0.000545853 0.000692724
pos_voxels_132 0.035000000 0.010000000 0.000000000
U_voxels_132 0.143210973 -0.852696113 0.502394225 0.852696113 -0.151377250 -0.499994268 0.502394225 0.499994268 0.705411777
eps_voxels_132 -0.000138353 -0.000022068 -0.000608790 -0.000161068 0.000537245 0.000629623
pos_voxels_133 0.035000000 0.015000000 0.000000000
U_voxels_133 0.143210973 -0.852696113 0.502394225 0.852696113 -0.151377250 -0.499994268 0.502394225 0.499994268 0.705411777
eps_voxels_133 -0.000226792 0.000026548 -0.000580764 0.000027713 0.000528637 0.000566521
