
direc 'Sn'
stem 'Sn_ssch'
make_image 0
output  'merged.flt' 'delta.flt' 'delta.gve' '.par' '.ubi'
#output  'merged.flt' '.par' '.ubi'
structure_phase_0 '/home/axel/workspace/scanning-3dxrd-simulations/ModelScanning3DXRD/scripts/simul/Sn.cif'
y_size 0.0500
z_size 0.0500
dety_size 2048
detz_size 2048
distance 162.888383321
tilt_x -0.00260053595757
tilt_y -0.00366923010272
tilt_z 0.00463564130438
o11 1
o12 0
o21 0
o22 -1
noise 0
intensity_const 1
lorentz_apply 1
beampol_apply 0
peakshape 0
wavelength 0.21878
beamflux 1e-12
beampol_factor 1
beampol_direct 0
dety_center 998.798998
detz_center 1041.55049636
omega_start 0
omega_end 180
omega_step 1.0
omega_sign 1
theta_min 0
theta_max 8
wedge -0.0142439915706
#spatial '/home/axel/workspace/fable/ModelScanning3DXRD/scripts/simul/frelon4m.spline'

no_voxels 30
voxel_grain_map {0:0,1:0,2:0,3:0,4:0,5:0,6:0,7:0,8:0,9:0,10:0,11:0,12:0,13:0,14:0,15:0,16:0,17:0,18:0,19:0,20:0,21:0,22:0,23:0,24:0,25:0,26:0,27:0,28:0,29:0}
gen_size 1 -0.006203566 0.000000000 100.000000000
sample_xyz 0.040000000 0.040000000 0.015000000
beam_width 0.005000000
gen_U 0
pos_voxels_0 -0.015000000 0.005000000 0.000000000
U_voxels_0 0.146991921 -0.853695485 0.499597232 0.853695485 -0.145616555 -0.499999838 0.499597232 0.499999838 0.707391524
eps_voxels_0 0.000018837 0.000131518 0.000352772 0.000222908 -0.000433602 -0.000390704
pos_voxels_1 -0.015000000 0.010000000 0.000000000
U_voxels_1 0.146991921 -0.853695485 0.499597232 0.853695485 -0.145616555 -0.499999838 0.499597232 0.499999838 0.707391524
eps_voxels_1 -0.000070093 0.000178718 0.000380983 0.000412201 -0.000441196 -0.000453827
pos_voxels_2 -0.010000000 0.005000000 0.000000000
U_voxels_2 0.146810119 -0.853648188 0.499731488 0.853648188 -0.145893259 -0.499999928 0.499731488 0.499999928 0.707296622
eps_voxels_2 0.000014187 0.000098707 0.000264480 0.000167030 -0.000325339 -0.000292937
pos_voxels_3 -0.010000000 0.010000000 0.000000000
U_voxels_3 0.146810119 -0.853648188 0.499731488 0.853648188 -0.145893259 -0.499999928 0.499731488 0.499999928 0.707296622
eps_voxels_3 -0.000074719 0.000145976 0.000292682 0.000356299 -0.000332983 -0.000356060
pos_voxels_4 -0.010000000 0.015000000 0.000000000
U_voxels_4 0.146810119 -0.853648188 0.499731488 0.853648188 -0.145893259 -0.499999928 0.499731488 0.499999928 0.707296622
eps_voxels_4 -0.000163625 0.000193244 0.000320885 0.000545567 -0.000340626 -0.000419183
pos_voxels_5 -0.005000000 0.005000000 0.000000000
U_voxels_5 0.146628348 -0.853600823 0.499865744 0.853600823 -0.146169944 -0.499999982 0.499865744 0.499999982 0.707201708
eps_voxels_5 0.000009498 0.000065851 0.000176254 0.000111253 -0.000216985 -0.000195231
pos_voxels_6 -0.005000000 0.010000000 0.000000000
U_voxels_6 0.146628348 -0.853600823 0.499865744 0.853600823 -0.146169944 -0.499999982 0.499865744 0.499999982 0.707201708
eps_voxels_6 -0.000079385 0.000113187 0.000204448 0.000300497 -0.000224677 -0.000258353
pos_voxels_7 -0.005000000 0.015000000 0.000000000
U_voxels_7 0.146628348 -0.853600823 0.499865744 0.853600823 -0.146169944 -0.499999982 0.499865744 0.499999982 0.707201708
eps_voxels_7 -0.000168267 0.000160524 0.000232642 0.000489742 -0.000232369 -0.000321475
pos_voxels_8 0.000000000 0.005000000 0.000000000
U_voxels_8 0.146446609 -0.853553391 0.500000000 0.853553391 -0.146446609 -0.500000000 0.500000000 0.500000000 0.707106781
eps_voxels_8 0.000004769 0.000032948 0.000088094 0.000055576 -0.000108538 -0.000097585
pos_voxels_9 0.000000000 0.010000000 0.000000000
U_voxels_9 0.146446609 -0.853553391 0.500000000 0.853553391 -0.146446609 -0.500000000 0.500000000 0.500000000 0.707106781
eps_voxels_9 -0.000084090 0.000080353 0.000116279 0.000244796 -0.000116279 -0.000160706
pos_voxels_10 0.000000000 0.015000000 0.000000000
U_voxels_10 0.146446609 -0.853553391 0.500000000 0.853553391 -0.146446609 -0.500000000 0.500000000 0.500000000 0.707106781
eps_voxels_10 -0.000172950 0.000127758 0.000144464 0.000434017 -0.000124020 -0.000223827
pos_voxels_11 0.005000000 -0.015000000 0.000000000
U_voxels_11 0.146264903 -0.853505890 0.500134256 0.853505890 -0.146723256 -0.499999982 0.500134256 0.499999982 0.707011841
eps_voxels_11 0.000355345 -0.000189891 -0.000112706 -0.000756784 0.000031158 0.000252480
pos_voxels_12 0.005000000 -0.010000000 0.000000000
U_voxels_12 0.146264903 -0.853505890 0.500134256 0.853505890 -0.146723256 -0.499999982 0.500134256 0.499999982 0.707011841
eps_voxels_12 0.000266509 -0.000142418 -0.000084530 -0.000567588 0.000023368 0.000189360
pos_voxels_13 0.005000000 -0.005000000 0.000000000
U_voxels_13 0.146264903 -0.853505890 0.500134256 0.853505890 -0.146723256 -0.499999982 0.500134256 0.499999982 0.707011841
eps_voxels_13 0.000177672 -0.000094946 -0.000056353 -0.000378392 0.000015579 0.000126240
pos_voxels_14 0.005000000 0.000000000 0.000000000
U_voxels_14 0.146264903 -0.853505890 0.500134256 0.853505890 -0.146723256 -0.499999982 0.500134256 0.499999982 0.707011841
eps_voxels_14 0.000088836 -0.000047473 -0.000028177 -0.000189196 0.000007789 0.000063120
pos_voxels_15 0.005000000 0.005000000 0.000000000
U_voxels_15 0.146264903 -0.853505890 0.500134256 0.853505890 -0.146723256 -0.499999982 0.500134256 0.499999982 0.707011841
eps_voxels_15 -0.000000000 0.000000000 -0.000000000 0.000000000 0.000000000 0.000000000
pos_voxels_16 0.005000000 0.010000000 0.000000000
U_voxels_16 0.146264903 -0.853505890 0.500134256 0.853505890 -0.146723256 -0.499999982 0.500134256 0.499999982 0.707011841
eps_voxels_16 -0.000088836 0.000047473 0.000028177 0.000189196 -0.000007789 -0.000063120
pos_voxels_17 0.005000000 0.015000000 0.000000000
U_voxels_17 0.146264903 -0.853505890 0.500134256 0.853505890 -0.146723256 -0.499999982 0.500134256 0.499999982 0.707011841
eps_voxels_17 -0.000177672 0.000094946 0.000056353 0.000378392 -0.000015579 -0.000126240
pos_voxels_18 0.010000000 -0.015000000 0.000000000
U_voxels_18 0.146083228 -0.853458321 0.500268512 0.853458321 -0.146999884 -0.499999928 0.500268512 0.499999928 0.706916889
eps_voxels_18 0.000350442 -0.000223158 -0.000200699 -0.000812162 0.000139983 0.000350001
pos_voxels_19 0.010000000 -0.010000000 0.000000000
U_voxels_19 0.146083228 -0.853458321 0.500268512 0.853458321 -0.146999884 -0.499999928 0.500268512 0.499999928 0.706916889
eps_voxels_19 0.000261629 -0.000175617 -0.000172531 -0.000622991 0.000132144 0.000286882
pos_voxels_20 0.010000000 -0.005000000 0.000000000
U_voxels_20 0.146083228 -0.853458321 0.500268512 0.853458321 -0.146999884 -0.499999928 0.500268512 0.499999928 0.706916889
eps_voxels_20 0.000172817 -0.000128076 -0.000144363 -0.000433819 0.000124306 0.000223763
pos_voxels_21 0.010000000 0.000000000 0.000000000
U_voxels_21 0.146083228 -0.853458321 0.500268512 0.853458321 -0.146999884 -0.499999928 0.500268512 0.499999928 0.706916889
eps_voxels_21 0.000084004 -0.000080535 -0.000116195 -0.000244647 0.000116468 0.000160644
pos_voxels_22 0.010000000 0.005000000 0.000000000
U_voxels_22 0.146083228 -0.853458321 0.500268512 0.853458321 -0.146999884 -0.499999928 0.500268512 0.499999928 0.706916889
eps_voxels_22 -0.000004809 -0.000032994 -0.000088028 -0.000055476 0.000108630 0.000097525
pos_voxels_23 0.010000000 0.010000000 0.000000000
U_voxels_23 0.146083228 -0.853458321 0.500268512 0.853458321 -0.146999884 -0.499999928 0.500268512 0.499999928 0.706916889
eps_voxels_23 -0.000093622 0.000014547 -0.000059860 0.000133696 0.000100792 0.000034405
pos_voxels_24 0.010000000 0.015000000 0.000000000
U_voxels_24 0.146083228 -0.853458321 0.500268512 0.853458321 -0.146999884 -0.499999928 0.500268512 0.499999928 0.706916889
eps_voxels_24 -0.000182435 0.000062088 -0.000031692 0.000322868 0.000092954 -0.000028714
pos_voxels_25 0.015000000 -0.010000000 0.000000000
U_voxels_25 0.145901585 -0.853410685 0.500402768 0.853410685 -0.147276492 -0.499999838 0.500402768 0.499999838 0.706821924
eps_voxels_25 0.000256710 -0.000208861 -0.000260466 -0.000678293 0.000241012 0.000384343
pos_voxels_26 0.015000000 -0.005000000 0.000000000
U_voxels_26 0.145901585 -0.853410685 0.500402768 0.853410685 -0.147276492 -0.499999838 0.500402768 0.499999838 0.706821924
eps_voxels_26 0.000167921 -0.000161252 -0.000232307 -0.000489145 0.000233126 0.000321225
pos_voxels_27 0.015000000 0.000000000 0.000000000
U_voxels_27 0.145901585 -0.853410685 0.500402768 0.853410685 -0.147276492 -0.499999838 0.500402768 0.499999838 0.706821924
eps_voxels_27 0.000079131 -0.000113643 -0.000204148 -0.000299998 0.000225239 0.000258106
pos_voxels_28 0.015000000 0.005000000 0.000000000
U_voxels_28 0.145901585 -0.853410685 0.500402768 0.853410685 -0.147276492 -0.499999838 0.500402768 0.499999838 0.706821924
eps_voxels_28 -0.000009658 -0.000066034 -0.000175989 -0.000110850 0.000217352 0.000194988
pos_voxels_29 0.015000000 0.010000000 0.000000000
U_voxels_29 0.145901585 -0.853410685 0.500402768 0.853410685 -0.147276492 -0.499999838 0.500402768 0.499999838 0.706821924
eps_voxels_29 -0.000098448 -0.000018425 -0.000147830 0.000078297 0.000209465 0.000131870
