
direc 'Sn'
stem 'Sn_ssch'
make_image 0
output  'merged.flt' 'delta.flt' 'delta.gve' '.par' '.ubi'
#output  'merged.flt' '.par' '.ubi'
structure_phase_0 '/home/axel/workspace/scanning-3dxrd-simulations/ModelScanning3DXRD/scripts/simul/Sn.cif'
y_size 0.0500
z_size 0.0500
dety_size 2048
detz_size 2048
distance 162.888383321
tilt_x -0.00260053595757
tilt_y -0.00366923010272
tilt_z 0.00463564130438
o11 1
o12 0
o21 0
o22 -1
noise 0
intensity_const 1
lorentz_apply 1
beampol_apply 0
peakshape 0
wavelength 0.21878
beamflux 1e-12
beampol_factor 1
beampol_direct 0
dety_center 998.798998
detz_center 1041.55049636
omega_start 0
omega_end 180
omega_step 1.0
omega_sign 1
theta_min 0
theta_max 8
wedge -0.0142439915706
#spatial '/home/axel/workspace/fable/ModelScanning3DXRD/scripts/simul/frelon4m.spline'

no_voxels 134
voxel_grain_map {0:0,1:0,2:0,3:0,4:0,5:0,6:0,7:0,8:0,9:0,10:0,11:0,12:0,13:0,14:0,15:0,16:0,17:0,18:0,19:0,20:0,21:0,22:0,23:0,24:0,25:0,26:0,27:0,28:0,29:0,30:0,31:0,32:0,33:0,34:0,35:0,36:0,37:0,38:0,39:0,40:0,41:0,42:0,43:0,44:0,45:0,46:0,47:0,48:0,49:0,50:0,51:0,52:0,53:0,54:0,55:0,56:0,57:0,58:0,59:0,60:0,61:0,62:0,63:0,64:0,65:0,66:0,67:0,68:0,69:0,70:0,71:0,72:0,73:0,74:0,75:0,76:0,77:0,78:0,79:0,80:0,81:0,82:0,83:0,84:0,85:0,86:0,87:0,88:0,89:0,90:0,91:0,92:0,93:0,94:0,95:0,96:0,97:0,98:0,99:0,100:0,101:0,102:0,103:0,104:0,105:0,106:0,107:0,108:0,109:0,110:0,111:0,112:0,113:0,114:0,115:0,116:0,117:0,118:0,119:0,120:0,121:0,122:0,123:0,124:0,125:0,126:0,127:0,128:0,129:0,130:0,131:0,132:0,133:0}
gen_size 1 -0.006203566 0.000000000 100.000000000
sample_xyz 0.080000000 0.080000000 0.015000000
beam_width 0.005000000
gen_U 0
pos_voxels_0 -0.035000000 0.010000000 0.000000000
U_voxels_0 0.137911157 -0.851239198 0.506332243 0.851239198 -0.159473901 -0.499959901 0.506332243 0.499959901 0.702614942
eps_voxels_0 -0.000129953 0.000966481 0.000154668 0.000490574 -0.001440417 -0.000273684
pos_voxels_1 -0.035000000 0.015000000 0.000000000
U_voxels_1 0.137911157 -0.851239198 0.506332243 0.851239198 -0.159473901 -0.499959901 0.506332243 0.499959901 0.702614942
eps_voxels_1 -0.000217680 0.001017078 0.000182416 0.000678600 -0.001450450 -0.000336744
pos_voxels_2 -0.030000000 0.010000000 0.000000000
U_voxels_2 0.137730977 -0.851188507 0.506466488 0.851188507 -0.159749620 -0.499958183 0.506466488 0.499958183 0.702519403
eps_voxels_2 -0.000135246 0.000932584 0.000067693 0.000436540 -0.001329877 -0.000177117
pos_voxels_3 -0.030000000 0.015000000 0.000000000
U_voxels_3 0.137730977 -0.851188507 0.506466488 0.851188507 -0.159749620 -0.499958183 0.506466488 0.499958183 0.702519403
eps_voxels_3 -0.000222948 0.000983248 0.000095431 0.000624539 -0.001339958 -0.000240174
pos_voxels_4 -0.030000000 0.020000000 0.000000000
U_voxels_4 0.137730977 -0.851188507 0.506466488 0.851188507 -0.159749620 -0.499958183 0.506466488 0.499958183 0.702519403
eps_voxels_4 -0.000310651 0.001033911 0.000123169 0.000812539 -0.001350040 -0.000303232
pos_voxels_5 -0.030000000 0.025000000 0.000000000
U_voxels_5 0.137730977 -0.851188507 0.506466488 0.851188507 -0.159749620 -0.499958183 0.506466488 0.499958183 0.702519403
eps_voxels_5 -0.000398354 0.001084575 0.000150907 0.001000539 -0.001360122 -0.000366289
pos_voxels_6 -0.025000000 0.005000000 0.000000000
U_voxels_6 0.137550829 -0.851137748 0.506600733 0.851137748 -0.160025320 -0.499956428 0.506600733 0.499956428 0.702423851
eps_voxels_6 -0.000052902 0.000847911 -0.000046944 0.000194635 -0.001209115 -0.000017556
pos_voxels_7 -0.025000000 0.010000000 0.000000000
U_voxels_7 0.137550829 -0.851137748 0.506600733 0.851137748 -0.160025320 -0.499956428 0.506600733 0.499956428 0.702423851
eps_voxels_7 -0.000140580 0.000898643 -0.000019216 0.000382608 -0.001219246 -0.000080612
pos_voxels_8 -0.025000000 0.015000000 0.000000000
U_voxels_8 0.137550829 -0.851137748 0.506600733 0.851137748 -0.160025320 -0.499956428 0.506600733 0.499956428 0.702423851
eps_voxels_8 -0.000228258 0.000949374 0.000008513 0.000570582 -0.001229376 -0.000143667
pos_voxels_9 -0.025000000 0.020000000 0.000000000
U_voxels_9 0.137550829 -0.851137748 0.506600733 0.851137748 -0.160025320 -0.499956428 0.506600733 0.499956428 0.702423851
eps_voxels_9 -0.000315936 0.001000105 0.000036241 0.000758555 -0.001239507 -0.000206723
pos_voxels_10 -0.025000000 0.025000000 0.000000000
U_voxels_10 0.137550829 -0.851137748 0.506600733 0.851137748 -0.160025320 -0.499956428 0.506600733 0.499956428 0.702423851
eps_voxels_10 -0.000403614 0.001050836 0.000063969 0.000946528 -0.001249637 -0.000269779
pos_voxels_11 -0.025000000 0.030000000 0.000000000
U_voxels_11 0.137550829 -0.851137748 0.506600733 0.851137748 -0.160025320 -0.499956428 0.506600733 0.499956428 0.702423851
eps_voxels_11 -0.000491291 0.001101567 0.000091697 0.001134502 -0.001259767 -0.000332835
pos_voxels_12 -0.020000000 0.005000000 0.000000000
U_voxels_12 0.137370714 -0.851086923 0.506734977 0.851086923 -0.160300999 -0.499954638 0.506734977 0.499954638 0.702328287
eps_voxels_12 -0.000058302 0.000813859 -0.000133774 0.000140833 -0.001098346 0.000078886
pos_voxels_13 -0.020000000 0.010000000 0.000000000
U_voxels_13 0.137370714 -0.851086923 0.506734977 0.851086923 -0.160300999 -0.499954638 0.506734977 0.499954638 0.702328287
eps_voxels_13 -0.000145955 0.000864658 -0.000106056 0.000328780 -0.001108525 0.000015832
pos_voxels_14 -0.020000000 0.015000000 0.000000000
U_voxels_14 0.137370714 -0.851086923 0.506734977 0.851086923 -0.160300999 -0.499954638 0.506734977 0.499954638 0.702328287
eps_voxels_14 -0.000233608 0.000915456 -0.000078338 0.000516727 -0.001118704 -0.000047222
pos_voxels_15 -0.020000000 0.020000000 0.000000000
U_voxels_15 0.137370714 -0.851086923 0.506734977 0.851086923 -0.160300999 -0.499954638 0.506734977 0.499954638 0.702328287
eps_voxels_15 -0.000321261 0.000966254 -0.000050619 0.000704673 -0.001128883 -0.000110276
pos_voxels_16 -0.020000000 0.025000000 0.000000000
U_voxels_16 0.137370714 -0.851086923 0.506734977 0.851086923 -0.160300999 -0.499954638 0.506734977 0.499954638 0.702328287
eps_voxels_16 -0.000408914 0.001017053 -0.000022901 0.000892620 -0.001139062 -0.000173330
pos_voxels_17 -0.020000000 0.030000000 0.000000000
U_voxels_17 0.137370714 -0.851086923 0.506734977 0.851086923 -0.160300999 -0.499954638 0.506734977 0.499954638 0.702328287
eps_voxels_17 -0.000496568 0.001067851 0.000004817 0.001080567 -0.001149241 -0.000236384
pos_voxels_18 -0.015000000 0.005000000 0.000000000
U_voxels_18 0.137190633 -0.851036029 0.506869221 0.851036029 -0.160576657 -0.499952812 0.506869221 0.499952812 0.702232710
eps_voxels_18 -0.000063743 0.000779764 -0.000220538 0.000087134 -0.000987487 0.000175265
pos_voxels_19 -0.015000000 0.010000000 0.000000000
U_voxels_19 0.137190633 -0.851036029 0.506869221 0.851036029 -0.160576657 -0.499952812 0.506869221 0.499952812 0.702232710
eps_voxels_19 -0.000151372 0.000830629 -0.000192829 0.000275054 -0.000997714 0.000112213
pos_voxels_20 -0.015000000 0.015000000 0.000000000
U_voxels_20 0.137190633 -0.851036029 0.506869221 0.851036029 -0.160576657 -0.499952812 0.506869221 0.499952812 0.702232710
eps_voxels_20 -0.000239000 0.000881495 -0.000165121 0.000462975 -0.001007941 0.000049161
pos_voxels_21 -0.015000000 0.020000000 0.000000000
U_voxels_21 0.137190633 -0.851036029 0.506869221 0.851036029 -0.160576657 -0.499952812 0.506869221 0.499952812 0.702232710
eps_voxels_21 -0.000326628 0.000932360 -0.000137412 0.000650895 -0.001018169 -0.000013891
pos_voxels_22 -0.015000000 0.025000000 0.000000000
U_voxels_22 0.137190633 -0.851036029 0.506869221 0.851036029 -0.160576657 -0.499952812 0.506869221 0.499952812 0.702232710
eps_voxels_22 -0.000414256 0.000983226 -0.000109704 0.000838815 -0.001028396 -0.000076944
pos_voxels_23 -0.015000000 0.030000000 0.000000000
U_voxels_23 0.137190633 -0.851036029 0.506869221 0.851036029 -0.160576657 -0.499952812 0.506869221 0.499952812 0.702232710
eps_voxels_23 -0.000501885 0.001034091 -0.000081995 0.001026736 -0.001038624 -0.000139996
pos_voxels_24 -0.015000000 0.035000000 0.000000000
U_voxels_24 0.137190633 -0.851036029 0.506869221 0.851036029 -0.160576657 -0.499952812 0.506869221 0.499952812 0.702232710
eps_voxels_24 -0.000589513 0.001084957 -0.000054287 0.001214656 -0.001048851 -0.000203048
pos_voxels_25 -0.010000000 0.005000000 0.000000000
U_voxels_25 0.137010584 -0.850985069 0.507003464 0.850985069 -0.160852296 -0.499950949 0.507003464 0.499950949 0.702137121
eps_voxels_25 -0.000069225 0.000745624 -0.000307233 0.000033539 -0.000876537 0.000271583
pos_voxels_26 -0.010000000 0.010000000 0.000000000
U_voxels_26 0.137010584 -0.850985069 0.507003464 0.850985069 -0.160852296 -0.499950949 0.507003464 0.499950949 0.702137121
eps_voxels_26 -0.000156829 0.000796557 -0.000279535 0.000221432 -0.000886813 0.000208532
pos_voxels_27 -0.010000000 0.015000000 0.000000000
U_voxels_27 0.137010584 -0.850985069 0.507003464 0.850985069 -0.160852296 -0.499950949 0.507003464 0.499950949 0.702137121
eps_voxels_27 -0.000244432 0.000847490 -0.000251836 0.000409326 -0.000897089 0.000145482
pos_voxels_28 -0.010000000 0.020000000 0.000000000
U_voxels_28 0.137010584 -0.850985069 0.507003464 0.850985069 -0.160852296 -0.499950949 0.507003464 0.499950949 0.702137121
eps_voxels_28 -0.000332036 0.000898422 -0.000224138 0.000597220 -0.000907365 0.000082431
pos_voxels_29 -0.010000000 0.025000000 0.000000000
U_voxels_29 0.137010584 -0.850985069 0.507003464 0.850985069 -0.160852296 -0.499950949 0.507003464 0.499950949 0.702137121
eps_voxels_29 -0.000419639 0.000949355 -0.000196439 0.000785113 -0.000917641 0.000019381
pos_voxels_30 -0.010000000 0.030000000 0.000000000
U_voxels_30 0.137010584 -0.850985069 0.507003464 0.850985069 -0.160852296 -0.499950949 0.507003464 0.499950949 0.702137121
eps_voxels_30 -0.000507242 0.001000288 -0.000168741 0.000973007 -0.000927917 -0.000043670
pos_voxels_31 -0.010000000 0.035000000 0.000000000
U_voxels_31 0.137010584 -0.850985069 0.507003464 0.850985069 -0.160852296 -0.499950949 0.507003464 0.499950949 0.702137121
eps_voxels_31 -0.000594846 0.001051220 -0.000141042 0.001160901 -0.000938193 -0.000106720
pos_voxels_32 -0.005000000 0.005000000 0.000000000
U_voxels_32 0.136830568 -0.850934041 0.507137707 0.850934041 -0.161127914 -0.499949051 0.507137707 0.499949051 0.702041518
eps_voxels_32 -0.000074749 0.000711441 -0.000393861 -0.000019954 -0.000765498 0.000367838
pos_voxels_33 -0.005000000 0.010000000 0.000000000
U_voxels_33 0.136830568 -0.850934041 0.507137707 0.850934041 -0.161127914 -0.499949051 0.507137707 0.499949051 0.702041518
eps_voxels_33 -0.000162327 0.000762441 -0.000366173 0.000167913 -0.000775822 0.000304789
pos_voxels_34 -0.005000000 0.015000000 0.000000000
U_voxels_34 0.136830568 -0.850934041 0.507137707 0.850934041 -0.161127914 -0.499949051 0.507137707 0.499949051 0.702041518
eps_voxels_34 -0.000249906 0.000813441 -0.000338484 0.000355780 -0.000786147 0.000241741
pos_voxels_35 -0.005000000 0.020000000 0.000000000
U_voxels_35 0.136830568 -0.850934041 0.507137707 0.850934041 -0.161127914 -0.499949051 0.507137707 0.499949051 0.702041518
eps_voxels_35 -0.000337484 0.000864441 -0.000310796 0.000543647 -0.000796471 0.000178692
pos_voxels_36 -0.005000000 0.025000000 0.000000000
U_voxels_36 0.136830568 -0.850934041 0.507137707 0.850934041 -0.161127914 -0.499949051 0.507137707 0.499949051 0.702041518
eps_voxels_36 -0.000425063 0.000915441 -0.000283107 0.000731515 -0.000806795 0.000115643
pos_voxels_37 -0.005000000 0.030000000 0.000000000
U_voxels_37 0.136830568 -0.850934041 0.507137707 0.850934041 -0.161127914 -0.499949051 0.507137707 0.499949051 0.702041518
eps_voxels_37 -0.000512641 0.000966441 -0.000255418 0.000919382 -0.000817120 0.000052594
pos_voxels_38 -0.005000000 0.035000000 0.000000000
U_voxels_38 0.136830568 -0.850934041 0.507137707 0.850934041 -0.161127914 -0.499949051 0.507137707 0.499949051 0.702041518
eps_voxels_38 -0.000600220 0.001017440 -0.000227730 0.001107249 -0.000827444 -0.000010454
pos_voxels_39 0.000000000 0.000000000 0.000000000
U_voxels_39 0.136650585 -0.850882946 0.507271949 0.850882946 -0.161403512 -0.499947116 0.507271949 0.499947116 0.701945903
eps_voxels_39 0.000007241 0.000626148 -0.000508100 -0.000261183 -0.000643995 0.000527078
pos_voxels_40 0.000000000 0.005000000 0.000000000
U_voxels_40 0.136650585 -0.850882946 0.507271949 0.850882946 -0.161403512 -0.499947116 0.507271949 0.499947116 0.701945903
eps_voxels_40 -0.000080313 0.000677215 -0.000480422 -0.000073343 -0.000654368 0.000464031
pos_voxels_41 0.000000000 0.010000000 0.000000000
U_voxels_41 0.136650585 -0.850882946 0.507271949 0.850882946 -0.161403512 -0.499947116 0.507271949 0.499947116 0.701945903
eps_voxels_41 -0.000167867 0.000728282 -0.000452743 0.000114498 -0.000664741 0.000400984
pos_voxels_42 0.000000000 0.015000000 0.000000000
U_voxels_42 0.136650585 -0.850882946 0.507271949 0.850882946 -0.161403512 -0.499947116 0.507271949 0.499947116 0.701945903
eps_voxels_42 -0.000255420 0.000779349 -0.000425064 0.000302338 -0.000675114 0.000337937
pos_voxels_43 0.000000000 0.020000000 0.000000000
U_voxels_43 0.136650585 -0.850882946 0.507271949 0.850882946 -0.161403512 -0.499947116 0.507271949 0.499947116 0.701945903
eps_voxels_43 -0.000342974 0.000830416 -0.000397386 0.000490178 -0.000685487 0.000274890
pos_voxels_44 0.000000000 0.025000000 0.000000000
U_voxels_44 0.136650585 -0.850882946 0.507271949 0.850882946 -0.161403512 -0.499947116 0.507271949 0.499947116 0.701945903
eps_voxels_44 -0.000430527 0.000881483 -0.000369707 0.000678019 -0.000695860 0.000211843
pos_voxels_45 0.000000000 0.030000000 0.000000000
U_voxels_45 0.136650585 -0.850882946 0.507271949 0.850882946 -0.161403512 -0.499947116 0.507271949 0.499947116 0.701945903
eps_voxels_45 -0.000518081 0.000932550 -0.000342028 0.000865859 -0.000706233 0.000148796
pos_voxels_46 0.000000000 0.035000000 0.000000000
U_voxels_46 0.136650585 -0.850882946 0.507271949 0.850882946 -0.161403512 -0.499947116 0.507271949 0.499947116 0.701945903
eps_voxels_46 -0.000605635 0.000983617 -0.000314350 0.001053700 -0.000716606 0.000085749
pos_voxels_47 0.005000000 -0.025000000 0.000000000
U_voxels_47 0.136470635 -0.850831783 0.507406190 0.850831783 -0.161679089 -0.499945145 0.507406190 0.499945145 0.701850276
eps_voxels_47 0.000439254 0.000336141 -0.000732927 -0.001253510 -0.000480620 0.000938433
pos_voxels_48 0.005000000 -0.020000000 0.000000000
U_voxels_48 0.136470635 -0.850831783 0.507406190 0.850831783 -0.161679089 -0.499945145 0.507406190 0.499945145 0.701850276
eps_voxels_48 0.000351725 0.000387275 -0.000705258 -0.001065697 -0.000491041 0.000875388
pos_voxels_49 0.005000000 -0.015000000 0.000000000
U_voxels_49 0.136470635 -0.850831783 0.507406190 0.850831783 -0.161679089 -0.499945145 0.507406190 0.499945145 0.701850276
eps_voxels_49 0.000264196 0.000438409 -0.000677589 -0.000877883 -0.000501463 0.000812343
pos_voxels_50 0.005000000 -0.010000000 0.000000000
U_voxels_50 0.136470635 -0.850831783 0.507406190 0.850831783 -0.161679089 -0.499945145 0.507406190 0.499945145 0.701850276
eps_voxels_50 0.000176668 0.000489543 -0.000649921 -0.000690069 -0.000511884 0.000749298
pos_voxels_51 0.005000000 -0.005000000 0.000000000
U_voxels_51 0.136470635 -0.850831783 0.507406190 0.850831783 -0.161679089 -0.499945145 0.507406190 0.499945145 0.701850276
eps_voxels_51 0.000089139 0.000540677 -0.000622252 -0.000502256 -0.000522306 0.000686252
pos_voxels_52 0.005000000 0.000000000 0.000000000
U_voxels_52 0.136470635 -0.850831783 0.507406190 0.850831783 -0.161679089 -0.499945145 0.507406190 0.499945145 0.701850276
eps_voxels_52 0.000001610 0.000591811 -0.000594583 -0.000314442 -0.000532727 0.000623207
pos_voxels_53 0.005000000 0.005000000 0.000000000
U_voxels_53 0.136470635 -0.850831783 0.507406190 0.850831783 -0.161679089 -0.499945145 0.507406190 0.499945145 0.701850276
eps_voxels_53 -0.000085918 0.000642945 -0.000566915 -0.000126628 -0.000543149 0.000560162
pos_voxels_54 0.005000000 0.010000000 0.000000000
U_voxels_54 0.136470635 -0.850831783 0.507406190 0.850831783 -0.161679089 -0.499945145 0.507406190 0.499945145 0.701850276
eps_voxels_54 -0.000173447 0.000694079 -0.000539246 0.000061185 -0.000553570 0.000497117
pos_voxels_55 0.005000000 0.015000000 0.000000000
U_voxels_55 0.136470635 -0.850831783 0.507406190 0.850831783 -0.161679089 -0.499945145 0.507406190 0.499945145 0.701850276
eps_voxels_55 -0.000260976 0.000745214 -0.000511577 0.000248999 -0.000563992 0.000434072
pos_voxels_56 0.005000000 0.020000000 0.000000000
U_voxels_56 0.136470635 -0.850831783 0.507406190 0.850831783 -0.161679089 -0.499945145 0.507406190 0.499945145 0.701850276
eps_voxels_56 -0.000348504 0.000796348 -0.000483908 0.000436813 -0.000574413 0.000371026
pos_voxels_57 0.005000000 0.025000000 0.000000000
U_voxels_57 0.136470635 -0.850831783 0.507406190 0.850831783 -0.161679089 -0.499945145 0.507406190 0.499945145 0.701850276
eps_voxels_57 -0.000436033 0.000847482 -0.000456240 0.000624626 -0.000584835 0.000307981
pos_voxels_58 0.005000000 0.030000000 0.000000000
U_voxels_58 0.136470635 -0.850831783 0.507406190 0.850831783 -0.161679089 -0.499945145 0.507406190 0.499945145 0.701850276
eps_voxels_58 -0.000523562 0.000898616 -0.000428571 0.000812440 -0.000595256 0.000244936
pos_voxels_59 0.005000000 0.035000000 0.000000000
U_voxels_59 0.136470635 -0.850831783 0.507406190 0.850831783 -0.161679089 -0.499945145 0.507406190 0.499945145 0.701850276
eps_voxels_59 -0.000611090 0.000949750 -0.000400902 0.001000254 -0.000605678 0.000181891
pos_voxels_60 0.010000000 -0.035000000 0.000000000
U_voxels_60 0.136290718 -0.850780554 0.507540432 0.850780554 -0.161954647 -0.499943139 0.507540432 0.499943139 0.701754635
eps_voxels_60 0.000608465 0.000199023 -0.000874609 -0.001682106 -0.000348080 0.001160578
pos_voxels_61 0.010000000 -0.030000000 0.000000000
U_voxels_61 0.136290718 -0.850780554 0.507540432 0.850780554 -0.161954647 -0.499943139 0.507540432 0.499943139 0.701754635
eps_voxels_61 0.000520961 0.000250224 -0.000846950 -0.001494319 -0.000358550 0.001097534
pos_voxels_62 0.010000000 -0.025000000 0.000000000
U_voxels_62 0.136290718 -0.850780554 0.507540432 0.850780554 -0.161954647 -0.499943139 0.507540432 0.499943139 0.701754635
eps_voxels_62 0.000433457 0.000301425 -0.000819292 -0.001306532 -0.000369020 0.001034491
pos_voxels_63 0.010000000 -0.020000000 0.000000000
U_voxels_63 0.136290718 -0.850780554 0.507540432 0.850780554 -0.161954647 -0.499943139 0.507540432 0.499943139 0.701754635
eps_voxels_63 0.000345954 0.000352627 -0.000791633 -0.001118745 -0.000379490 0.000971448
pos_voxels_64 0.010000000 -0.015000000 0.000000000
U_voxels_64 0.136290718 -0.850780554 0.507540432 0.850780554 -0.161954647 -0.499943139 0.507540432 0.499943139 0.701754635
eps_voxels_64 0.000258450 0.000403828 -0.000763974 -0.000930958 -0.000389960 0.000908404
pos_voxels_65 0.010000000 -0.010000000 0.000000000
U_voxels_65 0.136290718 -0.850780554 0.507540432 0.850780554 -0.161954647 -0.499943139 0.507540432 0.499943139 0.701754635
eps_voxels_65 0.000170946 0.000455029 -0.000736316 -0.000743171 -0.000400430 0.000845361
pos_voxels_66 0.010000000 -0.005000000 0.000000000
U_voxels_66 0.136290718 -0.850780554 0.507540432 0.850780554 -0.161954647 -0.499943139 0.507540432 0.499943139 0.701754635
eps_voxels_66 0.000083443 0.000506230 -0.000708657 -0.000555384 -0.000410900 0.000782317
pos_voxels_67 0.010000000 0.000000000 0.000000000
U_voxels_67 0.136290718 -0.850780554 0.507540432 0.850780554 -0.161954647 -0.499943139 0.507540432 0.499943139 0.701754635
eps_voxels_67 -0.000004061 0.000557431 -0.000680998 -0.000367597 -0.000421370 0.000719274
pos_voxels_68 0.010000000 0.005000000 0.000000000
U_voxels_68 0.136290718 -0.850780554 0.507540432 0.850780554 -0.161954647 -0.499943139 0.507540432 0.499943139 0.701754635
eps_voxels_68 -0.000091565 0.000608632 -0.000653340 -0.000179811 -0.000431840 0.000656231
pos_voxels_69 0.010000000 0.010000000 0.000000000
U_voxels_69 0.136290718 -0.850780554 0.507540432 0.850780554 -0.161954647 -0.499943139 0.507540432 0.499943139 0.701754635
eps_voxels_69 -0.000179069 0.000659834 -0.000625681 0.000007976 -0.000442310 0.000593187
pos_voxels_70 0.010000000 0.015000000 0.000000000
U_voxels_70 0.136290718 -0.850780554 0.507540432 0.850780554 -0.161954647 -0.499943139 0.507540432 0.499943139 0.701754635
eps_voxels_70 -0.000266572 0.000711035 -0.000598022 0.000195763 -0.000452780 0.000530144
pos_voxels_71 0.010000000 0.020000000 0.000000000
U_voxels_71 0.136290718 -0.850780554 0.507540432 0.850780554 -0.161954647 -0.499943139 0.507540432 0.499943139 0.701754635
eps_voxels_71 -0.000354076 0.000762236 -0.000570363 0.000383550 -0.000463250 0.000467100
pos_voxels_72 0.010000000 0.025000000 0.000000000
U_voxels_72 0.136290718 -0.850780554 0.507540432 0.850780554 -0.161954647 -0.499943139 0.507540432 0.499943139 0.701754635
eps_voxels_72 -0.000441580 0.000813437 -0.000542705 0.000571337 -0.000473720 0.000404057
pos_voxels_73 0.010000000 0.030000000 0.000000000
U_voxels_73 0.136290718 -0.850780554 0.507540432 0.850780554 -0.161954647 -0.499943139 0.507540432 0.499943139 0.701754635
eps_voxels_73 -0.000529084 0.000864638 -0.000515046 0.000759124 -0.000484190 0.000341014
pos_voxels_74 0.010000000 0.035000000 0.000000000
U_voxels_74 0.136290718 -0.850780554 0.507540432 0.850780554 -0.161954647 -0.499943139 0.507540432 0.499943139 0.701754635
eps_voxels_74 -0.000616587 0.000915839 -0.000487387 0.000946911 -0.000494660 0.000277970
pos_voxels_75 0.015000000 -0.035000000 0.000000000
U_voxels_75 0.136110834 -0.850729257 0.507674672 0.850729257 -0.162230183 -0.499941096 0.507674672 0.499941096 0.701658983
eps_voxels_75 0.000602577 0.000164130 -0.000960886 -0.001734970 -0.000236293 0.001256569
pos_voxels_76 0.015000000 -0.030000000 0.000000000
U_voxels_76 0.136110834 -0.850729257 0.507674672 0.850729257 -0.162230183 -0.499941096 0.507674672 0.499941096 0.701658983
eps_voxels_76 0.000515098 0.000215398 -0.000933238 -0.001547210 -0.000246812 0.001193528
pos_voxels_77 0.015000000 -0.025000000 0.000000000
U_voxels_77 0.136110834 -0.850729257 0.507674672 0.850729257 -0.162230183 -0.499941096 0.507674672 0.499941096 0.701658983
eps_voxels_77 0.000427620 0.000266667 -0.000905589 -0.001359450 -0.000257330 0.001130486
pos_voxels_78 0.015000000 -0.020000000 0.000000000
U_voxels_78 0.136110834 -0.850729257 0.507674672 0.850729257 -0.162230183 -0.499941096 0.507674672 0.499941096 0.701658983
eps_voxels_78 0.000340141 0.000317935 -0.000877940 -0.001171689 -0.000267849 0.001067445
pos_voxels_79 0.015000000 -0.015000000 0.000000000
U_voxels_79 0.136110834 -0.850729257 0.507674672 0.850729257 -0.162230183 -0.499941096 0.507674672 0.499941096 0.701658983
eps_voxels_79 0.000252662 0.000369203 -0.000850292 -0.000983929 -0.000278367 0.001004403
pos_voxels_80 0.015000000 -0.010000000 0.000000000
U_voxels_80 0.136110834 -0.850729257 0.507674672 0.850729257 -0.162230183 -0.499941096 0.507674672 0.499941096 0.701658983
eps_voxels_80 0.000165184 0.000420471 -0.000822643 -0.000796169 -0.000288886 0.000941361
pos_voxels_81 0.015000000 -0.005000000 0.000000000
U_voxels_81 0.136110834 -0.850729257 0.507674672 0.850729257 -0.162230183 -0.499941096 0.507674672 0.499941096 0.701658983
eps_voxels_81 0.000077705 0.000471740 -0.000794994 -0.000608409 -0.000299404 0.000878320
pos_voxels_82 0.015000000 0.000000000 0.000000000
U_voxels_82 0.136110834 -0.850729257 0.507674672 0.850729257 -0.162230183 -0.499941096 0.507674672 0.499941096 0.701658983
eps_voxels_82 -0.000009774 0.000523008 -0.000767346 -0.000420649 -0.000309923 0.000815278
pos_voxels_83 0.015000000 0.005000000 0.000000000
U_voxels_83 0.136110834 -0.850729257 0.507674672 0.850729257 -0.162230183 -0.499941096 0.507674672 0.499941096 0.701658983
eps_voxels_83 -0.000097253 0.000574276 -0.000739697 -0.000232889 -0.000320441 0.000752237
pos_voxels_84 0.015000000 0.010000000 0.000000000
U_voxels_84 0.136110834 -0.850729257 0.507674672 0.850729257 -0.162230183 -0.499941096 0.507674672 0.499941096 0.701658983
eps_voxels_84 -0.000184731 0.000625544 -0.000712048 -0.000045129 -0.000330960 0.000689195
pos_voxels_85 0.015000000 0.015000000 0.000000000
U_voxels_85 0.136110834 -0.850729257 0.507674672 0.850729257 -0.162230183 -0.499941096 0.507674672 0.499941096 0.701658983
eps_voxels_85 -0.000272210 0.000676813 -0.000684399 0.000142631 -0.000341478 0.000626154
pos_voxels_86 0.015000000 0.020000000 0.000000000
U_voxels_86 0.136110834 -0.850729257 0.507674672 0.850729257 -0.162230183 -0.499941096 0.507674672 0.499941096 0.701658983
eps_voxels_86 -0.000359689 0.000728081 -0.000656751 0.000330391 -0.000351997 0.000563112
pos_voxels_87 0.015000000 0.025000000 0.000000000
U_voxels_87 0.136110834 -0.850729257 0.507674672 0.850729257 -0.162230183 -0.499941096 0.507674672 0.499941096 0.701658983
eps_voxels_87 -0.000447168 0.000779349 -0.000629102 0.000518151 -0.000362515 0.000500070
pos_voxels_88 0.015000000 0.030000000 0.000000000
U_voxels_88 0.136110834 -0.850729257 0.507674672 0.850729257 -0.162230183 -0.499941096 0.507674672 0.499941096 0.701658983
eps_voxels_88 -0.000534646 0.000830617 -0.000601453 0.000705911 -0.000373034 0.000437029
pos_voxels_89 0.015000000 0.035000000 0.000000000
U_voxels_89 0.136110834 -0.850729257 0.507674672 0.850729257 -0.162230183 -0.499941096 0.507674672 0.499941096 0.701658983
eps_voxels_89 -0.000622125 0.000881886 -0.000573805 0.000893671 -0.000383552 0.000373987
pos_voxels_90 0.020000000 -0.030000000 0.000000000
U_voxels_90 0.135930983 -0.850677892 0.507808912 0.850677892 -0.162505700 -0.499939017 0.507808912 0.499939017 0.701563317
eps_voxels_90 0.000509194 0.000180530 -0.001019457 -0.001599997 -0.000134984 0.001289458
pos_voxels_91 0.020000000 -0.025000000 0.000000000
U_voxels_91 0.135930983 -0.850677892 0.507808912 0.850677892 -0.162505700 -0.499939017 0.507808912 0.499939017 0.701563317
eps_voxels_91 0.000421741 0.000231865 -0.000991818 -0.001412263 -0.000145551 0.001226419
pos_voxels_92 0.020000000 -0.020000000 0.000000000
U_voxels_92 0.135930983 -0.850677892 0.507808912 0.850677892 -0.162505700 -0.499939017 0.507808912 0.499939017 0.701563317
eps_voxels_92 0.000334287 0.000283200 -0.000964179 -0.001224530 -0.000156118 0.001163379
pos_voxels_93 0.020000000 -0.015000000 0.000000000
U_voxels_93 0.135930983 -0.850677892 0.507808912 0.850677892 -0.162505700 -0.499939017 0.507808912 0.499939017 0.701563317
eps_voxels_93 0.000246833 0.000334536 -0.000936541 -0.001036797 -0.000166685 0.001100339
pos_voxels_94 0.020000000 -0.010000000 0.000000000
U_voxels_94 0.135930983 -0.850677892 0.507808912 0.850677892 -0.162505700 -0.499939017 0.507808912 0.499939017 0.701563317
eps_voxels_94 0.000159379 0.000385871 -0.000908902 -0.000849064 -0.000177252 0.001037300
pos_voxels_95 0.020000000 -0.005000000 0.000000000
U_voxels_95 0.135930983 -0.850677892 0.507808912 0.850677892 -0.162505700 -0.499939017 0.507808912 0.499939017 0.701563317
eps_voxels_95 0.000071926 0.000437206 -0.000881264 -0.000661330 -0.000187819 0.000974260
pos_voxels_96 0.020000000 0.000000000 0.000000000
U_voxels_96 0.135930983 -0.850677892 0.507808912 0.850677892 -0.162505700 -0.499939017 0.507808912 0.499939017 0.701563317
eps_voxels_96 -0.000015528 0.000488542 -0.000853625 -0.000473597 -0.000198386 0.000911220
pos_voxels_97 0.020000000 0.005000000 0.000000000
U_voxels_97 0.135930983 -0.850677892 0.507808912 0.850677892 -0.162505700 -0.499939017 0.507808912 0.499939017 0.701563317
eps_voxels_97 -0.000102982 0.000539877 -0.000825986 -0.000285864 -0.000208953 0.000848180
pos_voxels_98 0.020000000 0.010000000 0.000000000
U_voxels_98 0.135930983 -0.850677892 0.507808912 0.850677892 -0.162505700 -0.499939017 0.507808912 0.499939017 0.701563317
eps_voxels_98 -0.000190435 0.000591212 -0.000798348 -0.000098131 -0.000219520 0.000785141
pos_voxels_99 0.020000000 0.015000000 0.000000000
U_voxels_99 0.135930983 -0.850677892 0.507808912 0.850677892 -0.162505700 -0.499939017 0.507808912 0.499939017 0.701563317
eps_voxels_99 -0.000277889 0.000642547 -0.000770709 0.000089602 -0.000230087 0.000722101
pos_voxels_100 0.020000000 0.020000000 0.000000000
U_voxels_100 0.135930983 -0.850677892 0.507808912 0.850677892 -0.162505700 -0.499939017 0.507808912 0.499939017 0.701563317
eps_voxels_100 -0.000365343 0.000693883 -0.000743070 0.000277336 -0.000240654 0.000659061
pos_voxels_101 0.020000000 0.025000000 0.000000000
U_voxels_101 0.135930983 -0.850677892 0.507808912 0.850677892 -0.162505700 -0.499939017 0.507808912 0.499939017 0.701563317
eps_voxels_101 -0.000452797 0.000745218 -0.000715432 0.000465069 -0.000251221 0.000596022
pos_voxels_102 0.020000000 0.030000000 0.000000000
U_voxels_102 0.135930983 -0.850677892 0.507808912 0.850677892 -0.162505700 -0.499939017 0.507808912 0.499939017 0.701563317
eps_voxels_102 -0.000540250 0.000796553 -0.000687793 0.000652802 -0.000261788 0.000532982
pos_voxels_103 0.025000000 -0.030000000 0.000000000
U_voxels_103 0.135751165 -0.850626461 0.507943152 0.850626461 -0.162781196 -0.499936902 0.507943152 0.499936902 0.701467639
eps_voxels_103 0.000503249 0.000145618 -0.001105608 -0.001652679 -0.000023066 0.001385327
pos_voxels_104 0.025000000 -0.025000000 0.000000000
U_voxels_104 0.135751165 -0.850626461 0.507943152 0.850626461 -0.162781196 -0.499936902 0.507943152 0.499936902 0.701467639
eps_voxels_104 0.000415820 0.000197020 -0.001077979 -0.001464973 -0.000033682 0.001322289
pos_voxels_105 0.025000000 -0.020000000 0.000000000
U_voxels_105 0.135751165 -0.850626461 0.507943152 0.850626461 -0.162781196 -0.499936902 0.507943152 0.499936902 0.701467639
eps_voxels_105 0.000328391 0.000248423 -0.001050351 -0.001277267 -0.000044297 0.001259251
pos_voxels_106 0.025000000 -0.015000000 0.000000000
U_voxels_106 0.135751165 -0.850626461 0.507943152 0.850626461 -0.162781196 -0.499936902 0.507943152 0.499936902 0.701467639
eps_voxels_106 0.000240963 0.000299825 -0.001022722 -0.001089560 -0.000054913 0.001196213
pos_voxels_107 0.025000000 -0.010000000 0.000000000
U_voxels_107 0.135751165 -0.850626461 0.507943152 0.850626461 -0.162781196 -0.499936902 0.507943152 0.499936902 0.701467639
eps_voxels_107 0.000153534 0.000351227 -0.000995094 -0.000901854 -0.000065528 0.001133175
pos_voxels_108 0.025000000 -0.005000000 0.000000000
U_voxels_108 0.135751165 -0.850626461 0.507943152 0.850626461 -0.162781196 -0.499936902 0.507943152 0.499936902 0.701467639
eps_voxels_108 0.000066105 0.000402630 -0.000967465 -0.000714148 -0.000076144 0.001070137
pos_voxels_109 0.025000000 0.000000000 0.000000000
U_voxels_109 0.135751165 -0.850626461 0.507943152 0.850626461 -0.162781196 -0.499936902 0.507943152 0.499936902 0.701467639
eps_voxels_109 -0.000021323 0.000454032 -0.000939836 -0.000526442 -0.000086759 0.001007100
pos_voxels_110 0.025000000 0.005000000 0.000000000
U_voxels_110 0.135751165 -0.850626461 0.507943152 0.850626461 -0.162781196 -0.499936902 0.507943152 0.499936902 0.701467639
eps_voxels_110 -0.000108752 0.000505434 -0.000912208 -0.000338735 -0.000097375 0.000944062
pos_voxels_111 0.025000000 0.010000000 0.000000000
U_voxels_111 0.135751165 -0.850626461 0.507943152 0.850626461 -0.162781196 -0.499936902 0.507943152 0.499936902 0.701467639
eps_voxels_111 -0.000196181 0.000556837 -0.000884579 -0.000151029 -0.000107990 0.000881024
pos_voxels_112 0.025000000 0.015000000 0.000000000
U_voxels_112 0.135751165 -0.850626461 0.507943152 0.850626461 -0.162781196 -0.499936902 0.507943152 0.499936902 0.701467639
eps_voxels_112 -0.000283609 0.000608239 -0.000856951 0.000036677 -0.000118606 0.000817986
pos_voxels_113 0.025000000 0.020000000 0.000000000
U_voxels_113 0.135751165 -0.850626461 0.507943152 0.850626461 -0.162781196 -0.499936902 0.507943152 0.499936902 0.701467639
eps_voxels_113 -0.000371038 0.000659641 -0.000829322 0.000224384 -0.000129221 0.000754948
pos_voxels_114 0.025000000 0.025000000 0.000000000
U_voxels_114 0.135751165 -0.850626461 0.507943152 0.850626461 -0.162781196 -0.499936902 0.507943152 0.499936902 0.701467639
eps_voxels_114 -0.000458467 0.000711044 -0.000801694 0.000412090 -0.000139837 0.000691910
pos_voxels_115 0.025000000 0.030000000 0.000000000
U_voxels_115 0.135751165 -0.850626461 0.507943152 0.850626461 -0.162781196 -0.499936902 0.507943152 0.499936902 0.701467639
eps_voxels_115 -0.000545895 0.000762446 -0.000774065 0.000599796 -0.000150452 0.000628872
pos_voxels_116 0.030000000 -0.025000000 0.000000000
U_voxels_116 0.135571380 -0.850574962 0.508077390 0.850574962 -0.163056671 -0.499934752 0.508077390 0.499934752 0.701371948
eps_voxels_116 0.000409858 0.000162133 -0.001164073 -0.001517579 0.000078277 0.001418096
pos_voxels_117 0.030000000 -0.020000000 0.000000000
U_voxels_117 0.135571380 -0.850574962 0.508077390 0.850574962 -0.163056671 -0.499934752 0.508077390 0.499934752 0.701371948
eps_voxels_117 0.000322454 0.000213602 -0.001136454 -0.001329899 0.000067613 0.001355060
pos_voxels_118 0.030000000 -0.015000000 0.000000000
U_voxels_118 0.135571380 -0.850574962 0.508077390 0.850574962 -0.163056671 -0.499934752 0.508077390 0.499934752 0.701371948
eps_voxels_118 0.000235051 0.000265072 -0.001108836 -0.001142220 0.000056949 0.001292024
pos_voxels_119 0.030000000 -0.010000000 0.000000000
U_voxels_119 0.135571380 -0.850574962 0.508077390 0.850574962 -0.163056671 -0.499934752 0.508077390 0.499934752 0.701371948
eps_voxels_119 0.000147647 0.000316541 -0.001081217 -0.000954541 0.000046285 0.001228988
pos_voxels_120 0.030000000 -0.005000000 0.000000000
U_voxels_120 0.135571380 -0.850574962 0.508077390 0.850574962 -0.163056671 -0.499934752 0.508077390 0.499934752 0.701371948
eps_voxels_120 0.000060244 0.000368010 -0.001053599 -0.000766861 0.000035621 0.001165952
pos_voxels_121 0.030000000 0.000000000 0.000000000
U_voxels_121 0.135571380 -0.850574962 0.508077390 0.850574962 -0.163056671 -0.499934752 0.508077390 0.499934752 0.701371948
eps_voxels_121 -0.000027160 0.000419480 -0.001025980 -0.000579182 0.000024957 0.001102916
pos_voxels_122 0.030000000 0.005000000 0.000000000
U_voxels_122 0.135571380 -0.850574962 0.508077390 0.850574962 -0.163056671 -0.499934752 0.508077390 0.499934752 0.701371948
eps_voxels_122 -0.000114563 0.000470949 -0.000998362 -0.000391503 0.000014293 0.001039880
pos_voxels_123 0.030000000 0.010000000 0.000000000
U_voxels_123 0.135571380 -0.850574962 0.508077390 0.850574962 -0.163056671 -0.499934752 0.508077390 0.499934752 0.701371948
eps_voxels_123 -0.000201967 0.000522418 -0.000970743 -0.000203823 0.000003629 0.000976844
pos_voxels_124 0.030000000 0.015000000 0.000000000
U_voxels_124 0.135571380 -0.850574962 0.508077390 0.850574962 -0.163056671 -0.499934752 0.508077390 0.499934752 0.701371948
eps_voxels_124 -0.000289371 0.000573888 -0.000943125 -0.000016144 -0.000007035 0.000913809
pos_voxels_125 0.030000000 0.020000000 0.000000000
U_voxels_125 0.135571380 -0.850574962 0.508077390 0.850574962 -0.163056671 -0.499934752 0.508077390 0.499934752 0.701371948
eps_voxels_125 -0.000376774 0.000625357 -0.000915506 0.000171535 -0.000017699 0.000850773
pos_voxels_126 0.030000000 0.025000000 0.000000000
U_voxels_126 0.135571380 -0.850574962 0.508077390 0.850574962 -0.163056671 -0.499934752 0.508077390 0.499934752 0.701371948
eps_voxels_126 -0.000464178 0.000676827 -0.000887888 0.000359215 -0.000028363 0.000787737
pos_voxels_127 0.035000000 -0.015000000 0.000000000
U_voxels_127 0.135391629 -0.850523396 0.508211629 0.850523396 -0.163332127 -0.499932565 0.508211629 0.499932565 0.701276245
eps_voxels_127 0.000229098 0.000230275 -0.001194881 -0.001194776 0.000168900 0.001387773
pos_voxels_128 0.035000000 -0.010000000 0.000000000
U_voxels_128 0.135391629 -0.850523396 0.508211629 0.850523396 -0.163332127 -0.499932565 0.508211629 0.499932565 0.701276245
eps_voxels_128 0.000141719 0.000281812 -0.001167273 -0.001007123 0.000158187 0.001324739
pos_voxels_129 0.035000000 -0.005000000 0.000000000
U_voxels_129 0.135391629 -0.850523396 0.508211629 0.850523396 -0.163332127 -0.499932565 0.508211629 0.499932565 0.701276245
eps_voxels_129 0.000054341 0.000333348 -0.001139664 -0.000819471 0.000147475 0.001261705
pos_voxels_130 0.035000000 0.000000000 0.000000000
U_voxels_130 0.135391629 -0.850523396 0.508211629 0.850523396 -0.163332127 -0.499932565 0.508211629 0.499932565 0.701276245
eps_voxels_130 -0.000033038 0.000384884 -0.001112056 -0.000631819 0.000136762 0.001198671
pos_voxels_131 0.035000000 0.005000000 0.000000000
U_voxels_131 0.135391629 -0.850523396 0.508211629 0.850523396 -0.163332127 -0.499932565 0.508211629 0.499932565 0.701276245
eps_voxels_131 -0.000120416 0.000436421 -0.001084447 -0.000444166 0.000126050 0.001135637
pos_voxels_132 0.035000000 0.010000000 0.000000000
U_voxels_132 0.135391629 -0.850523396 0.508211629 0.850523396 -0.163332127 -0.499932565 0.508211629 0.499932565 0.701276245
eps_voxels_132 -0.000207795 0.000487957 -0.001056839 -0.000256514 0.000115337 0.001072603
pos_voxels_133 0.035000000 0.015000000 0.000000000
U_voxels_133 0.135391629 -0.850523396 0.508211629 0.850523396 -0.163332127 -0.499932565 0.508211629 0.499932565 0.701276245
eps_voxels_133 -0.000295173 0.000539493 -0.001029231 -0.000068862 0.000104625 0.001009569
