
direc 'Sn'
stem 'Sn_ssch'
make_image 0
output  'merged.flt' 'delta.flt' 'delta.gve' '.par' '.ubi'
#output  'merged.flt' '.par' '.ubi'
structure_phase_0 '/home/axel/workspace/scanning-3dxrd-simulations/ModelScanning3DXRD/scripts/simul/Sn.cif'
y_size 0.0500
z_size 0.0500
dety_size 2048
detz_size 2048
distance 162.888383321
tilt_x -0.00260053595757
tilt_y -0.00366923010272
tilt_z 0.00463564130438
o11 1
o12 0
o21 0
o22 -1
noise 0
intensity_const 1
lorentz_apply 1
beampol_apply 0
peakshape 0
wavelength 0.21878
beamflux 1e-12
beampol_factor 1
beampol_direct 0
dety_center 998.798998
detz_center 1041.55049636
omega_start 0
omega_end 180
omega_step 1.0
omega_sign 1
theta_min 0
theta_max 8
wedge -0.0142439915706
#spatial '/home/axel/workspace/fable/ModelScanning3DXRD/scripts/simul/frelon4m.spline'

no_voxels 210
voxel_grain_map {0:0,1:0,2:0,3:0,4:0,5:0,6:0,7:0,8:0,9:0,10:0,11:0,12:0,13:0,14:0,15:0,16:0,17:0,18:0,19:0,20:0,21:0,22:0,23:0,24:0,25:0,26:0,27:0,28:0,29:0,30:0,31:0,32:0,33:0,34:0,35:0,36:0,37:0,38:0,39:0,40:0,41:0,42:0,43:0,44:0,45:0,46:0,47:0,48:0,49:0,50:0,51:0,52:0,53:0,54:0,55:0,56:0,57:0,58:0,59:0,60:0,61:0,62:0,63:0,64:0,65:0,66:0,67:0,68:0,69:0,70:0,71:0,72:0,73:0,74:0,75:0,76:0,77:0,78:0,79:0,80:0,81:0,82:0,83:0,84:0,85:0,86:0,87:0,88:0,89:0,90:0,91:0,92:0,93:0,94:0,95:0,96:0,97:0,98:0,99:0,100:0,101:0,102:0,103:0,104:0,105:0,106:0,107:0,108:0,109:0,110:0,111:0,112:0,113:0,114:0,115:0,116:0,117:0,118:0,119:0,120:0,121:0,122:0,123:0,124:0,125:0,126:0,127:0,128:0,129:0,130:0,131:0,132:0,133:0,134:0,135:0,136:0,137:0,138:0,139:0,140:0,141:0,142:0,143:0,144:0,145:0,146:0,147:0,148:0,149:0,150:0,151:0,152:0,153:0,154:0,155:0,156:0,157:0,158:0,159:0,160:0,161:0,162:0,163:0,164:0,165:0,166:0,167:0,168:0,169:0,170:0,171:0,172:0,173:0,174:0,175:0,176:0,177:0,178:0,179:0,180:0,181:0,182:0,183:0,184:0,185:0,186:0,187:0,188:0,189:0,190:0,191:0,192:0,193:0,194:0,195:0,196:0,197:0,198:0,199:0,200:0,201:0,202:0,203:0,204:0,205:0,206:0,207:0,208:0,209:0}
gen_size 1 -0.006203566 0.000000000 100.000000000
sample_xyz 0.100000000 0.100000000 0.015000000
beam_width 0.005000000
gen_U 0
pos_voxels_0 -0.045000000 0.010000000 0.000000000
U_voxels_0 0.145129958 -0.853207473 0.500973356 0.853207473 -0.148451863 -0.499999053 0.500973356 0.499999053 0.706418179
eps_voxels_0 -0.000069113 0.000573527 0.000739631 0.000709970 -0.001262895 -0.000871730
pos_voxels_1 -0.045000000 0.015000000 0.000000000
U_voxels_1 0.145129958 -0.853207473 0.500973356 0.853207473 -0.148451863 -0.499999053 0.500973356 0.499999053 0.706418179
eps_voxels_1 -0.000157803 0.000621425 0.000767753 0.000899013 -0.001270989 -0.000934844
pos_voxels_2 -0.045000000 0.020000000 0.000000000
U_voxels_2 0.145129958 -0.853207473 0.500973356 0.853207473 -0.148451863 -0.499999053 0.500973356 0.499999053 0.706418179
eps_voxels_2 -0.000246492 0.000669323 0.000795874 0.001088056 -0.001279083 -0.000997958
pos_voxels_3 -0.040000000 0.010000000 0.000000000
U_voxels_3 0.144948483 -0.853159480 0.501107612 0.853159480 -0.148728370 -0.499998773 0.501107612 0.499998773 0.706323147
eps_voxels_3 -0.000073743 0.000540654 0.000651406 0.000654137 -0.001154421 -0.000774027
pos_voxels_4 -0.040000000 0.015000000 0.000000000
U_voxels_4 0.144948483 -0.853159480 0.501107612 0.853159480 -0.148728370 -0.499998773 0.501107612 0.499998773 0.706323147
eps_voxels_4 -0.000162409 0.000588620 0.000679518 0.000843155 -0.001162563 -0.000837140
pos_voxels_5 -0.040000000 0.020000000 0.000000000
U_voxels_5 0.144948483 -0.853159480 0.501107612 0.853159480 -0.148728370 -0.499998773 0.501107612 0.499998773 0.706323147
eps_voxels_5 -0.000251076 0.000636585 0.000707631 0.001032174 -0.001170705 -0.000900253
pos_voxels_6 -0.040000000 0.025000000 0.000000000
U_voxels_6 0.144948483 -0.853159480 0.501107612 0.853159480 -0.148728370 -0.499998773 0.501107612 0.499998773 0.706323147
eps_voxels_6 -0.000339742 0.000684551 0.000735743 0.001221193 -0.001178847 -0.000963365
pos_voxels_7 -0.035000000 0.010000000 0.000000000
U_voxels_7 0.144767039 -0.853111420 0.501241868 0.853111420 -0.149004858 -0.499998458 0.501241868 0.499998458 0.706228102
eps_voxels_7 -0.000078414 0.000507735 0.000563247 0.000598405 -0.001045854 -0.000676385
pos_voxels_8 -0.035000000 0.015000000 0.000000000
U_voxels_8 0.144767039 -0.853111420 0.501241868 0.853111420 -0.149004858 -0.499998458 0.501241868 0.499998458 0.706228102
eps_voxels_8 -0.000167056 0.000555768 0.000591350 0.000787399 -0.001054045 -0.000739497
pos_voxels_9 -0.035000000 0.020000000 0.000000000
U_voxels_9 0.144767039 -0.853111420 0.501241868 0.853111420 -0.149004858 -0.499998458 0.501241868 0.499998458 0.706228102
eps_voxels_9 -0.000255699 0.000603802 0.000619454 0.000976393 -0.001062236 -0.000802608
pos_voxels_10 -0.035000000 0.025000000 0.000000000
U_voxels_10 0.144767039 -0.853111420 0.501241868 0.853111420 -0.149004858 -0.499998458 0.501241868 0.499998458 0.706228102
eps_voxels_10 -0.000344342 0.000651836 0.000647557 0.001165387 -0.001070427 -0.000865720
pos_voxels_11 -0.035000000 0.030000000 0.000000000
U_voxels_11 0.144767039 -0.853111420 0.501241868 0.853111420 -0.149004858 -0.499998458 0.501241868 0.499998458 0.706228102
eps_voxels_11 -0.000432984 0.000699870 0.000675661 0.001354381 -0.001078618 -0.000928831
pos_voxels_12 -0.035000000 0.035000000 0.000000000
U_voxels_12 0.144767039 -0.853111420 0.501241868 0.853111420 -0.149004858 -0.499998458 0.501241868 0.499998458 0.706228102
eps_voxels_12 -0.000521627 0.000747904 0.000703764 0.001543375 -0.001086808 -0.000991943
pos_voxels_13 -0.030000000 0.005000000 0.000000000
U_voxels_13 0.144585628 -0.853063291 0.501376123 0.853063291 -0.149281327 -0.499998106 0.501376123 0.499998106 0.706133045
eps_voxels_13 0.000005495 0.000426668 0.000447060 0.000353804 -0.000928956 -0.000515693
pos_voxels_14 -0.030000000 0.010000000 0.000000000
U_voxels_14 0.144585628 -0.853063291 0.501376123 0.853063291 -0.149281327 -0.499998106 0.501376123 0.499998106 0.706133045
eps_voxels_14 -0.000083124 0.000474770 0.000475154 0.000542773 -0.000937196 -0.000578803
pos_voxels_15 -0.030000000 0.015000000 0.000000000
U_voxels_15 0.144585628 -0.853063291 0.501376123 0.853063291 -0.149281327 -0.499998106 0.501376123 0.499998106 0.706133045
eps_voxels_15 -0.000171743 0.000522871 0.000503249 0.000731743 -0.000945435 -0.000641914
pos_voxels_16 -0.030000000 0.020000000 0.000000000
U_voxels_16 0.144585628 -0.853063291 0.501376123 0.853063291 -0.149281327 -0.499998106 0.501376123 0.499998106 0.706133045
eps_voxels_16 -0.000260362 0.000570973 0.000531343 0.000920712 -0.000953675 -0.000705024
pos_voxels_17 -0.030000000 0.025000000 0.000000000
U_voxels_17 0.144585628 -0.853063291 0.501376123 0.853063291 -0.149281327 -0.499998106 0.501376123 0.499998106 0.706133045
eps_voxels_17 -0.000348982 0.000619075 0.000559437 0.001109682 -0.000961914 -0.000768135
pos_voxels_18 -0.030000000 0.030000000 0.000000000
U_voxels_18 0.144585628 -0.853063291 0.501376123 0.853063291 -0.149281327 -0.499998106 0.501376123 0.499998106 0.706133045
eps_voxels_18 -0.000437601 0.000667177 0.000587532 0.001298651 -0.000970154 -0.000831245
pos_voxels_19 -0.030000000 0.035000000 0.000000000
U_voxels_19 0.144585628 -0.853063291 0.501376123 0.853063291 -0.149281327 -0.499998106 0.501376123 0.499998106 0.706133045
eps_voxels_19 -0.000526220 0.000715278 0.000615626 0.001487620 -0.000978393 -0.000894356
pos_voxels_20 -0.025000000 0.010000000 0.000000000
U_voxels_20 0.144404249 -0.853015095 0.501510379 0.853015095 -0.149557776 -0.499997719 0.501510379 0.499997719 0.706037974
eps_voxels_20 -0.000087875 0.000441759 0.000387128 0.000487243 -0.000828446 -0.000481282
pos_voxels_21 -0.025000000 0.015000000 0.000000000
U_voxels_21 0.144404249 -0.853015095 0.501510379 0.853015095 -0.149557776 -0.499997719 0.501510379 0.499997719 0.706037974
eps_voxels_21 -0.000176470 0.000489929 0.000415213 0.000676188 -0.000836734 -0.000544392
pos_voxels_22 -0.025000000 0.020000000 0.000000000
U_voxels_22 0.144404249 -0.853015095 0.501510379 0.853015095 -0.149557776 -0.499997719 0.501510379 0.499997719 0.706037974
eps_voxels_22 -0.000265066 0.000538099 0.000443299 0.000865132 -0.000845022 -0.000607501
pos_voxels_23 -0.025000000 0.025000000 0.000000000
U_voxels_23 0.144404249 -0.853015095 0.501510379 0.853015095 -0.149557776 -0.499997719 0.501510379 0.499997719 0.706037974
eps_voxels_23 -0.000353661 0.000586268 0.000471384 0.001054077 -0.000853310 -0.000670611
pos_voxels_24 -0.025000000 0.030000000 0.000000000
U_voxels_24 0.144404249 -0.853015095 0.501510379 0.853015095 -0.149557776 -0.499997719 0.501510379 0.499997719 0.706037974
eps_voxels_24 -0.000442257 0.000634438 0.000499469 0.001243022 -0.000861599 -0.000733720
pos_voxels_25 -0.025000000 0.035000000 0.000000000
U_voxels_25 0.144404249 -0.853015095 0.501510379 0.853015095 -0.149557776 -0.499997719 0.501510379 0.499997719 0.706037974
eps_voxels_25 -0.000530852 0.000682608 0.000527555 0.001431966 -0.000869887 -0.000796829
pos_voxels_26 -0.025000000 0.040000000 0.000000000
U_voxels_26 0.144404249 -0.853015095 0.501510379 0.853015095 -0.149557776 -0.499997719 0.501510379 0.499997719 0.706037974
eps_voxels_26 -0.000619448 0.000730777 0.000555640 0.001620911 -0.000878175 -0.000859939
pos_voxels_27 -0.020000000 0.010000000 0.000000000
U_voxels_27 0.144222902 -0.852966831 0.501644634 0.852966831 -0.149834206 -0.499997295 0.501644634 0.499997295 0.705942891
eps_voxels_27 -0.000092666 0.000408704 0.000299167 0.000431814 -0.000719604 -0.000383822
pos_voxels_28 -0.020000000 0.015000000 0.000000000
U_voxels_28 0.144222902 -0.852966831 0.501644634 0.852966831 -0.149834206 -0.499997295 0.501644634 0.499997295 0.705942891
eps_voxels_28 -0.000181238 0.000456941 0.000327244 0.000620733 -0.000727941 -0.000446931
pos_voxels_29 -0.020000000 0.020000000 0.000000000
U_voxels_29 0.144222902 -0.852966831 0.501644634 0.852966831 -0.149834206 -0.499997295 0.501644634 0.499997295 0.705942891
eps_voxels_29 -0.000269809 0.000505179 0.000355320 0.000809653 -0.000736278 -0.000510039
pos_voxels_30 -0.020000000 0.025000000 0.000000000
U_voxels_30 0.144222902 -0.852966831 0.501644634 0.852966831 -0.149834206 -0.499997295 0.501644634 0.499997295 0.705942891
eps_voxels_30 -0.000358381 0.000553416 0.000383397 0.000998573 -0.000744615 -0.000573147
pos_voxels_31 -0.020000000 0.030000000 0.000000000
U_voxels_31 0.144222902 -0.852966831 0.501644634 0.852966831 -0.149834206 -0.499997295 0.501644634 0.499997295 0.705942891
eps_voxels_31 -0.000446953 0.000601654 0.000411473 0.001187493 -0.000752952 -0.000636255
pos_voxels_32 -0.020000000 0.035000000 0.000000000
U_voxels_32 0.144222902 -0.852966831 0.501644634 0.852966831 -0.149834206 -0.499997295 0.501644634 0.499997295 0.705942891
eps_voxels_32 -0.000535525 0.000649891 0.000439550 0.001376413 -0.000761288 -0.000699364
pos_voxels_33 -0.020000000 0.040000000 0.000000000
U_voxels_33 0.144222902 -0.852966831 0.501644634 0.852966831 -0.149834206 -0.499997295 0.501644634 0.499997295 0.705942891
eps_voxels_33 -0.000624097 0.000698129 0.000467626 0.001565333 -0.000769625 -0.000762472
pos_voxels_34 -0.020000000 0.045000000 0.000000000
U_voxels_34 0.144222902 -0.852966831 0.501644634 0.852966831 -0.149834206 -0.499997295 0.501644634 0.499997295 0.705942891
eps_voxels_34 -0.000712669 0.000746366 0.000495703 0.001754253 -0.000777962 -0.000825580
pos_voxels_35 -0.015000000 0.005000000 0.000000000
U_voxels_35 0.144041587 -0.852918500 0.501778890 0.852918500 -0.150110617 -0.499996836 0.501778890 0.499996836 0.705847796
eps_voxels_35 -0.000008949 0.000327297 0.000183206 0.000187590 -0.000602286 -0.000223316
pos_voxels_36 -0.015000000 0.010000000 0.000000000
U_voxels_36 0.144041587 -0.852918500 0.501778890 0.852918500 -0.150110617 -0.499996836 0.501778890 0.499996836 0.705847796
eps_voxels_36 -0.000097497 0.000375602 0.000211274 0.000376485 -0.000610671 -0.000286423
pos_voxels_37 -0.015000000 0.015000000 0.000000000
U_voxels_37 0.144041587 -0.852918500 0.501778890 0.852918500 -0.150110617 -0.499996836 0.501778890 0.499996836 0.705847796
eps_voxels_37 -0.000186045 0.000423908 0.000239341 0.000565380 -0.000619057 -0.000349530
pos_voxels_38 -0.015000000 0.020000000 0.000000000
U_voxels_38 0.144041587 -0.852918500 0.501778890 0.852918500 -0.150110617 -0.499996836 0.501778890 0.499996836 0.705847796
eps_voxels_38 -0.000274593 0.000472213 0.000267409 0.000754275 -0.000627442 -0.000412638
pos_voxels_39 -0.015000000 0.025000000 0.000000000
U_voxels_39 0.144041587 -0.852918500 0.501778890 0.852918500 -0.150110617 -0.499996836 0.501778890 0.499996836 0.705847796
eps_voxels_39 -0.000363141 0.000520518 0.000295476 0.000943171 -0.000635828 -0.000475745
pos_voxels_40 -0.015000000 0.030000000 0.000000000
U_voxels_40 0.144041587 -0.852918500 0.501778890 0.852918500 -0.150110617 -0.499996836 0.501778890 0.499996836 0.705847796
eps_voxels_40 -0.000451689 0.000568824 0.000323543 0.001132066 -0.000644213 -0.000538852
pos_voxels_41 -0.015000000 0.035000000 0.000000000
U_voxels_41 0.144041587 -0.852918500 0.501778890 0.852918500 -0.150110617 -0.499996836 0.501778890 0.499996836 0.705847796
eps_voxels_41 -0.000540238 0.000617129 0.000351611 0.001320961 -0.000652599 -0.000601959
pos_voxels_42 -0.015000000 0.040000000 0.000000000
U_voxels_42 0.144041587 -0.852918500 0.501778890 0.852918500 -0.150110617 -0.499996836 0.501778890 0.499996836 0.705847796
eps_voxels_42 -0.000628786 0.000665435 0.000379678 0.001509856 -0.000660984 -0.000665066
pos_voxels_43 -0.015000000 0.045000000 0.000000000
U_voxels_43 0.144041587 -0.852918500 0.501778890 0.852918500 -0.150110617 -0.499996836 0.501778890 0.499996836 0.705847796
eps_voxels_43 -0.000717334 0.000713740 0.000407746 0.001698751 -0.000669370 -0.000728173
pos_voxels_44 -0.010000000 0.005000000 0.000000000
U_voxels_44 0.143860305 -0.852870100 0.501913145 0.852870100 -0.150387008 -0.499996340 0.501913145 0.499996340 0.705752687
eps_voxels_44 -0.000013844 0.000294083 0.000095388 0.000132388 -0.000493213 -0.000125979
pos_voxels_45 -0.010000000 0.010000000 0.000000000
U_voxels_45 0.143860305 -0.852870100 0.501913145 0.852870100 -0.150387008 -0.499996340 0.501913145 0.499996340 0.705752687
eps_voxels_45 -0.000102368 0.000342456 0.000123446 0.000321258 -0.000501647 -0.000189085
pos_voxels_46 -0.010000000 0.015000000 0.000000000
U_voxels_46 0.143860305 -0.852870100 0.501913145 0.852870100 -0.150387008 -0.499996340 0.501913145 0.499996340 0.705752687
eps_voxels_46 -0.000190892 0.000390829 0.000151505 0.000510128 -0.000510081 -0.000252191
pos_voxels_47 -0.010000000 0.020000000 0.000000000
U_voxels_47 0.143860305 -0.852870100 0.501913145 0.852870100 -0.150387008 -0.499996340 0.501913145 0.499996340 0.705752687
eps_voxels_47 -0.000279417 0.000439202 0.000179563 0.000698998 -0.000518515 -0.000315297
pos_voxels_48 -0.010000000 0.025000000 0.000000000
U_voxels_48 0.143860305 -0.852870100 0.501913145 0.852870100 -0.150387008 -0.499996340 0.501913145 0.499996340 0.705752687
eps_voxels_48 -0.000367941 0.000487575 0.000207621 0.000887869 -0.000526949 -0.000378403
pos_voxels_49 -0.010000000 0.030000000 0.000000000
U_voxels_49 0.143860305 -0.852870100 0.501913145 0.852870100 -0.150387008 -0.499996340 0.501913145 0.499996340 0.705752687
eps_voxels_49 -0.000456466 0.000535949 0.000235680 0.001076739 -0.000535383 -0.000441509
pos_voxels_50 -0.010000000 0.035000000 0.000000000
U_voxels_50 0.143860305 -0.852870100 0.501913145 0.852870100 -0.150387008 -0.499996340 0.501913145 0.499996340 0.705752687
eps_voxels_50 -0.000544990 0.000584322 0.000263738 0.001265609 -0.000543817 -0.000504615
pos_voxels_51 -0.010000000 0.040000000 0.000000000
U_voxels_51 0.143860305 -0.852870100 0.501913145 0.852870100 -0.150387008 -0.499996340 0.501913145 0.499996340 0.705752687
eps_voxels_51 -0.000633515 0.000632695 0.000291797 0.001454479 -0.000552251 -0.000567721
pos_voxels_52 -0.010000000 0.045000000 0.000000000
U_voxels_52 0.143860305 -0.852870100 0.501913145 0.852870100 -0.150387008 -0.499996340 0.501913145 0.499996340 0.705752687
eps_voxels_52 -0.000722039 0.000681068 0.000319855 0.001643350 -0.000560686 -0.000630827
pos_voxels_53 -0.005000000 0.005000000 0.000000000
U_voxels_53 0.143679054 -0.852821633 0.502047400 0.852821633 -0.150663380 -0.499995808 0.502047400 0.499995808 0.705657566
eps_voxels_53 -0.000018779 0.000260823 0.000007636 0.000077287 -0.000384048 -0.000028703
pos_voxels_54 -0.005000000 0.010000000 0.000000000
U_voxels_54 0.143679054 -0.852821633 0.502047400 0.852821633 -0.150663380 -0.499995808 0.502047400 0.499995808 0.705657566
eps_voxels_54 -0.000107280 0.000309264 0.000035685 0.000266132 -0.000392531 -0.000091808
pos_voxels_55 -0.005000000 0.015000000 0.000000000
U_voxels_55 0.143679054 -0.852821633 0.502047400 0.852821633 -0.150663380 -0.499995808 0.502047400 0.499995808 0.705657566
eps_voxels_55 -0.000195780 0.000357705 0.000063735 0.000454977 -0.000401014 -0.000154912
pos_voxels_56 -0.005000000 0.020000000 0.000000000
U_voxels_56 0.143679054 -0.852821633 0.502047400 0.852821633 -0.150663380 -0.499995808 0.502047400 0.499995808 0.705657566
eps_voxels_56 -0.000284281 0.000406146 0.000091784 0.000643823 -0.000409497 -0.000218017
pos_voxels_57 -0.005000000 0.025000000 0.000000000
U_voxels_57 0.143679054 -0.852821633 0.502047400 0.852821633 -0.150663380 -0.499995808 0.502047400 0.499995808 0.705657566
eps_voxels_57 -0.000372782 0.000454587 0.000119833 0.000832668 -0.000417979 -0.000281122
pos_voxels_58 -0.005000000 0.030000000 0.000000000
U_voxels_58 0.143679054 -0.852821633 0.502047400 0.852821633 -0.150663380 -0.499995808 0.502047400 0.499995808 0.705657566
eps_voxels_58 -0.000461282 0.000503028 0.000147883 0.001021513 -0.000426462 -0.000344227
pos_voxels_59 -0.005000000 0.035000000 0.000000000
U_voxels_59 0.143679054 -0.852821633 0.502047400 0.852821633 -0.150663380 -0.499995808 0.502047400 0.499995808 0.705657566
eps_voxels_59 -0.000549783 0.000551469 0.000175932 0.001210359 -0.000434945 -0.000407332
pos_voxels_60 -0.005000000 0.040000000 0.000000000
U_voxels_60 0.143679054 -0.852821633 0.502047400 0.852821633 -0.150663380 -0.499995808 0.502047400 0.499995808 0.705657566
eps_voxels_60 -0.000638284 0.000599910 0.000203981 0.001399204 -0.000443427 -0.000470436
pos_voxels_61 -0.005000000 0.045000000 0.000000000
U_voxels_61 0.143679054 -0.852821633 0.502047400 0.852821633 -0.150663380 -0.499995808 0.502047400 0.499995808 0.705657566
eps_voxels_61 -0.000726785 0.000648351 0.000232031 0.001588049 -0.000451910 -0.000533541
pos_voxels_62 0.000000000 0.000000000 0.000000000
U_voxels_62 0.143497836 -0.852773098 0.502181655 0.852773098 -0.150939732 -0.499995240 0.502181655 0.499995240 0.705562432
eps_voxels_62 0.000064723 0.000179009 -0.000108089 -0.000166533 -0.000266261 0.000131616
pos_voxels_63 0.000000000 0.005000000 0.000000000
U_voxels_63 0.143497836 -0.852773098 0.502181655 0.852773098 -0.150939732 -0.499995240 0.502181655 0.499995240 0.705562432
eps_voxels_63 -0.000023754 0.000227518 -0.000080049 0.000022287 -0.000274793 0.000068512
pos_voxels_64 0.000000000 0.010000000 0.000000000
U_voxels_64 0.143497836 -0.852773098 0.502181655 0.852773098 -0.150939732 -0.499995240 0.502181655 0.499995240 0.705562432
eps_voxels_64 -0.000112231 0.000276027 -0.000052009 0.000211107 -0.000283324 0.000005409
pos_voxels_65 0.000000000 0.015000000 0.000000000
U_voxels_65 0.143497836 -0.852773098 0.502181655 0.852773098 -0.150939732 -0.499995240 0.502181655 0.499995240 0.705562432
eps_voxels_65 -0.000200708 0.000324536 -0.000023969 0.000399928 -0.000291855 -0.000057695
pos_voxels_66 0.000000000 0.020000000 0.000000000
U_voxels_66 0.143497836 -0.852773098 0.502181655 0.852773098 -0.150939732 -0.499995240 0.502181655 0.499995240 0.705562432
eps_voxels_66 -0.000289185 0.000373045 0.000004072 0.000588748 -0.000300387 -0.000120799
pos_voxels_67 0.000000000 0.025000000 0.000000000
U_voxels_67 0.143497836 -0.852773098 0.502181655 0.852773098 -0.150939732 -0.499995240 0.502181655 0.499995240 0.705562432
eps_voxels_67 -0.000377662 0.000421554 0.000032112 0.000777568 -0.000308918 -0.000183902
pos_voxels_68 0.000000000 0.030000000 0.000000000
U_voxels_68 0.143497836 -0.852773098 0.502181655 0.852773098 -0.150939732 -0.499995240 0.502181655 0.499995240 0.705562432
eps_voxels_68 -0.000466139 0.000470062 0.000060152 0.000966389 -0.000317449 -0.000247006
pos_voxels_69 0.000000000 0.035000000 0.000000000
U_voxels_69 0.143497836 -0.852773098 0.502181655 0.852773098 -0.150939732 -0.499995240 0.502181655 0.499995240 0.705562432
eps_voxels_69 -0.000554616 0.000518571 0.000088192 0.001155209 -0.000325981 -0.000310109
pos_voxels_70 0.000000000 0.040000000 0.000000000
U_voxels_70 0.143497836 -0.852773098 0.502181655 0.852773098 -0.150939732 -0.499995240 0.502181655 0.499995240 0.705562432
eps_voxels_70 -0.000643093 0.000567080 0.000116232 0.001344030 -0.000334512 -0.000373213
pos_voxels_71 0.000000000 0.045000000 0.000000000
U_voxels_71 0.143497836 -0.852773098 0.502181655 0.852773098 -0.150939732 -0.499995240 0.502181655 0.499995240 0.705562432
eps_voxels_71 -0.000731570 0.000615589 0.000144273 0.001532850 -0.000343043 -0.000436317
pos_voxels_72 0.005000000 -0.030000000 0.000000000
U_voxels_72 0.143316650 -0.852724495 0.502315909 0.852724495 -0.151216065 -0.499994637 0.502315909 0.499994637 0.705467285
eps_voxels_72 0.000590402 -0.000145868 -0.000363886 -0.001354179 -0.000105386 0.000607383
pos_voxels_73 0.005000000 -0.015000000 0.000000000
U_voxels_73 0.143316650 -0.852724495 0.502315909 0.852724495 -0.151216065 -0.499994637 0.502315909 0.499994637 0.705467285
eps_voxels_73 0.000325042 -0.000000138 -0.000279792 -0.000787793 -0.000131126 0.000418076
pos_voxels_74 0.005000000 -0.010000000 0.000000000
U_voxels_74 0.143316650 -0.852724495 0.502315909 0.852724495 -0.151216065 -0.499994637 0.502315909 0.499994637 0.705467285
eps_voxels_74 0.000236589 0.000048438 -0.000251761 -0.000598997 -0.000139706 0.000354973
pos_voxels_75 0.005000000 -0.005000000 0.000000000
U_voxels_75 0.143316650 -0.852724495 0.502315909 0.852724495 -0.151216065 -0.499994637 0.502315909 0.499994637 0.705467285
eps_voxels_75 0.000148136 0.000097015 -0.000223730 -0.000410202 -0.000148286 0.000291871
pos_voxels_76 0.005000000 0.000000000 0.000000000
U_voxels_76 0.143316650 -0.852724495 0.502315909 0.852724495 -0.151216065 -0.499994637 0.502315909 0.499994637 0.705467285
eps_voxels_76 0.000059683 0.000145592 -0.000195699 -0.000221407 -0.000156866 0.000228769
pos_voxels_77 0.005000000 0.005000000 0.000000000
U_voxels_77 0.143316650 -0.852724495 0.502315909 0.852724495 -0.151216065 -0.499994637 0.502315909 0.499994637 0.705467285
eps_voxels_77 -0.000028770 0.000194168 -0.000167668 -0.000032611 -0.000165446 0.000165666
pos_voxels_78 0.005000000 0.010000000 0.000000000
U_voxels_78 0.143316650 -0.852724495 0.502315909 0.852724495 -0.151216065 -0.499994637 0.502315909 0.499994637 0.705467285
eps_voxels_78 -0.000117223 0.000242745 -0.000139637 0.000156184 -0.000174025 0.000102564
pos_voxels_79 0.005000000 0.015000000 0.000000000
U_voxels_79 0.143316650 -0.852724495 0.502315909 0.852724495 -0.151216065 -0.499994637 0.502315909 0.499994637 0.705467285
eps_voxels_79 -0.000205677 0.000291321 -0.000111606 0.000344979 -0.000182605 0.000039461
pos_voxels_80 0.005000000 0.020000000 0.000000000
U_voxels_80 0.143316650 -0.852724495 0.502315909 0.852724495 -0.151216065 -0.499994637 0.502315909 0.499994637 0.705467285
eps_voxels_80 -0.000294130 0.000339898 -0.000083574 0.000533775 -0.000191185 -0.000023641
pos_voxels_81 0.005000000 0.025000000 0.000000000
U_voxels_81 0.143316650 -0.852724495 0.502315909 0.852724495 -0.151216065 -0.499994637 0.502315909 0.499994637 0.705467285
eps_voxels_81 -0.000382583 0.000388475 -0.000055543 0.000722570 -0.000199765 -0.000086743
pos_voxels_82 0.005000000 0.030000000 0.000000000
U_voxels_82 0.143316650 -0.852724495 0.502315909 0.852724495 -0.151216065 -0.499994637 0.502315909 0.499994637 0.705467285
eps_voxels_82 -0.000471036 0.000437051 -0.000027512 0.000911365 -0.000208345 -0.000149846
pos_voxels_83 0.005000000 0.035000000 0.000000000
U_voxels_83 0.143316650 -0.852724495 0.502315909 0.852724495 -0.151216065 -0.499994637 0.502315909 0.499994637 0.705467285
eps_voxels_83 -0.000559489 0.000485628 0.000000519 0.001100161 -0.000216925 -0.000212948
pos_voxels_84 0.005000000 0.040000000 0.000000000
U_voxels_84 0.143316650 -0.852724495 0.502315909 0.852724495 -0.151216065 -0.499994637 0.502315909 0.499994637 0.705467285
eps_voxels_84 -0.000647943 0.000534205 0.000028550 0.001288956 -0.000225505 -0.000276051
pos_voxels_85 0.005000000 0.045000000 0.000000000
U_voxels_85 0.143316650 -0.852724495 0.502315909 0.852724495 -0.151216065 -0.499994637 0.502315909 0.499994637 0.705467285
eps_voxels_85 -0.000736396 0.000582781 0.000056581 0.001477752 -0.000234085 -0.000339153
pos_voxels_86 0.010000000 -0.045000000 0.000000000
U_voxels_86 0.143135496 -0.852675825 0.502450164 0.852675825 -0.151492378 -0.499993997 0.502450164 0.499993997 0.705372126
eps_voxels_86 0.000850467 -0.000325671 -0.000535440 -0.001975111 0.000030279 0.000893771
pos_voxels_87 0.010000000 -0.040000000 0.000000000
U_voxels_87 0.143135496 -0.852675825 0.502450164 0.852675825 -0.151492378 -0.499993997 0.502450164 0.499993997 0.705372126
eps_voxels_87 0.000762037 -0.000277027 -0.000507418 -0.001786341 0.000021650 0.000830670
pos_voxels_88 0.010000000 -0.035000000 0.000000000
U_voxels_88 0.143135496 -0.852675825 0.502450164 0.852675825 -0.151492378 -0.499993997 0.502450164 0.499993997 0.705372126
eps_voxels_88 0.000673608 -0.000228382 -0.000479396 -0.001597571 0.000013022 0.000767569
pos_voxels_89 0.010000000 -0.030000000 0.000000000
U_voxels_89 0.143135496 -0.852675825 0.502450164 0.852675825 -0.151492378 -0.499993997 0.502450164 0.499993997 0.705372126
eps_voxels_89 0.000585179 -0.000179738 -0.000451374 -0.001408800 0.000004393 0.000704467
pos_voxels_90 0.010000000 -0.025000000 0.000000000
U_voxels_90 0.143135496 -0.852675825 0.502450164 0.852675825 -0.151492378 -0.499993997 0.502450164 0.499993997 0.705372126
eps_voxels_90 0.000496749 -0.000131093 -0.000423352 -0.001220030 -0.000004236 0.000641366
pos_voxels_91 0.010000000 -0.020000000 0.000000000
U_voxels_91 0.143135496 -0.852675825 0.502450164 0.852675825 -0.151492378 -0.499993997 0.502450164 0.499993997 0.705372126
eps_voxels_91 0.000408320 -0.000082449 -0.000395330 -0.001031260 -0.000012864 0.000578265
pos_voxels_92 0.010000000 -0.015000000 0.000000000
U_voxels_92 0.143135496 -0.852675825 0.502450164 0.852675825 -0.151492378 -0.499993997 0.502450164 0.499993997 0.705372126
eps_voxels_92 0.000319891 -0.000033804 -0.000367308 -0.000842489 -0.000021493 0.000515164
pos_voxels_93 0.010000000 -0.010000000 0.000000000
U_voxels_93 0.143135496 -0.852675825 0.502450164 0.852675825 -0.151492378 -0.499993997 0.502450164 0.499993997 0.705372126
eps_voxels_93 0.000231461 0.000014840 -0.000339286 -0.000653719 -0.000030121 0.000452063
pos_voxels_94 0.010000000 -0.005000000 0.000000000
U_voxels_94 0.143135496 -0.852675825 0.502450164 0.852675825 -0.151492378 -0.499993997 0.502450164 0.499993997 0.705372126
eps_voxels_94 0.000143032 0.000063484 -0.000311264 -0.000464949 -0.000038750 0.000388962
pos_voxels_95 0.010000000 0.000000000 0.000000000
U_voxels_95 0.143135496 -0.852675825 0.502450164 0.852675825 -0.151492378 -0.499993997 0.502450164 0.499993997 0.705372126
eps_voxels_95 0.000054603 0.000112129 -0.000283242 -0.000276178 -0.000047379 0.000325860
pos_voxels_96 0.010000000 0.005000000 0.000000000
U_voxels_96 0.143135496 -0.852675825 0.502450164 0.852675825 -0.151492378 -0.499993997 0.502450164 0.499993997 0.705372126
eps_voxels_96 -0.000033827 0.000160773 -0.000255220 -0.000087408 -0.000056007 0.000262759
pos_voxels_97 0.010000000 0.010000000 0.000000000
U_voxels_97 0.143135496 -0.852675825 0.502450164 0.852675825 -0.151492378 -0.499993997 0.502450164 0.499993997 0.705372126
eps_voxels_97 -0.000122256 0.000209418 -0.000227198 0.000101362 -0.000064636 0.000199658
pos_voxels_98 0.010000000 0.015000000 0.000000000
U_voxels_98 0.143135496 -0.852675825 0.502450164 0.852675825 -0.151492378 -0.499993997 0.502450164 0.499993997 0.705372126
eps_voxels_98 -0.000210685 0.000258062 -0.000199176 0.000290132 -0.000073264 0.000136557
pos_voxels_99 0.010000000 0.020000000 0.000000000
U_voxels_99 0.143135496 -0.852675825 0.502450164 0.852675825 -0.151492378 -0.499993997 0.502450164 0.499993997 0.705372126
eps_voxels_99 -0.000299115 0.000306707 -0.000171154 0.000478903 -0.000081893 0.000073456
pos_voxels_100 0.010000000 0.025000000 0.000000000
U_voxels_100 0.143135496 -0.852675825 0.502450164 0.852675825 -0.151492378 -0.499993997 0.502450164 0.499993997 0.705372126
eps_voxels_100 -0.000387544 0.000355351 -0.000143132 0.000667673 -0.000090522 0.000010354
pos_voxels_101 0.010000000 0.030000000 0.000000000
U_voxels_101 0.143135496 -0.852675825 0.502450164 0.852675825 -0.151492378 -0.499993997 0.502450164 0.499993997 0.705372126
eps_voxels_101 -0.000475973 0.000403995 -0.000115110 0.000856443 -0.000099150 -0.000052747
pos_voxels_102 0.010000000 0.035000000 0.000000000
U_voxels_102 0.143135496 -0.852675825 0.502450164 0.852675825 -0.151492378 -0.499993997 0.502450164 0.499993997 0.705372126
eps_voxels_102 -0.000564403 0.000452640 -0.000087088 0.001045214 -0.000107779 -0.000115848
pos_voxels_103 0.010000000 0.040000000 0.000000000
U_voxels_103 0.143135496 -0.852675825 0.502450164 0.852675825 -0.151492378 -0.499993997 0.502450164 0.499993997 0.705372126
eps_voxels_103 -0.000652832 0.000501284 -0.000059066 0.001233984 -0.000116407 -0.000178949
pos_voxels_104 0.010000000 0.045000000 0.000000000
U_voxels_104 0.143135496 -0.852675825 0.502450164 0.852675825 -0.151492378 -0.499993997 0.502450164 0.499993997 0.705372126
eps_voxels_104 -0.000741261 0.000549929 -0.000031044 0.001422754 -0.000125036 -0.000242050
pos_voxels_105 0.015000000 -0.045000000 0.000000000
U_voxels_105 0.142954374 -0.852627087 0.502584418 0.852627087 -0.151768672 -0.499993321 0.502584418 0.499993321 0.705276954
eps_voxels_105 0.000845131 -0.000359788 -0.000622833 -0.002029556 0.000140294 0.000990790
pos_voxels_106 0.015000000 -0.040000000 0.000000000
U_voxels_106 0.142954374 -0.852627087 0.502584418 0.852627087 -0.151768672 -0.499993321 0.502584418 0.499993321 0.705276954
eps_voxels_106 0.000756726 -0.000311076 -0.000594820 -0.001840810 0.000131617 0.000927691
pos_voxels_107 0.015000000 -0.035000000 0.000000000
U_voxels_107 0.142954374 -0.852627087 0.502584418 0.852627087 -0.151768672 -0.499993321 0.502584418 0.499993321 0.705276954
eps_voxels_107 0.000668320 -0.000262364 -0.000566808 -0.001652065 0.000122940 0.000864591
pos_voxels_108 0.015000000 -0.030000000 0.000000000
U_voxels_108 0.142954374 -0.852627087 0.502584418 0.852627087 -0.151768672 -0.499993321 0.502584418 0.499993321 0.705276954
eps_voxels_108 0.000579915 -0.000213652 -0.000538795 -0.001463320 0.000114263 0.000801491
pos_voxels_109 0.015000000 -0.025000000 0.000000000
U_voxels_109 0.142954374 -0.852627087 0.502584418 0.852627087 -0.151768672 -0.499993321 0.502584418 0.499993321 0.705276954
eps_voxels_109 0.000491509 -0.000164940 -0.000510782 -0.001274575 0.000105585 0.000738391
pos_voxels_110 0.015000000 -0.020000000 0.000000000
U_voxels_110 0.142954374 -0.852627087 0.502584418 0.852627087 -0.151768672 -0.499993321 0.502584418 0.499993321 0.705276954
eps_voxels_110 0.000403104 -0.000116228 -0.000482769 -0.001085829 0.000096908 0.000675291
pos_voxels_111 0.015000000 -0.015000000 0.000000000
U_voxels_111 0.142954374 -0.852627087 0.502584418 0.852627087 -0.151768672 -0.499993321 0.502584418 0.499993321 0.705276954
eps_voxels_111 0.000314699 -0.000067515 -0.000454756 -0.000897084 0.000088231 0.000612191
pos_voxels_112 0.015000000 -0.010000000 0.000000000
U_voxels_112 0.142954374 -0.852627087 0.502584418 0.852627087 -0.151768672 -0.499993321 0.502584418 0.499993321 0.705276954
eps_voxels_112 0.000226293 -0.000018803 -0.000426744 -0.000708339 0.000079554 0.000549091
pos_voxels_113 0.015000000 -0.005000000 0.000000000
U_voxels_113 0.142954374 -0.852627087 0.502584418 0.852627087 -0.151768672 -0.499993321 0.502584418 0.499993321 0.705276954
eps_voxels_113 0.000137888 0.000029909 -0.000398731 -0.000519594 0.000070877 0.000485991
pos_voxels_114 0.015000000 0.000000000 0.000000000
U_voxels_114 0.142954374 -0.852627087 0.502584418 0.852627087 -0.151768672 -0.499993321 0.502584418 0.499993321 0.705276954
eps_voxels_114 0.000049482 0.000078621 -0.000370718 -0.000330849 0.000062199 0.000422891
pos_voxels_115 0.015000000 0.005000000 0.000000000
U_voxels_115 0.142954374 -0.852627087 0.502584418 0.852627087 -0.151768672 -0.499993321 0.502584418 0.499993321 0.705276954
eps_voxels_115 -0.000038923 0.000127333 -0.000342705 -0.000142103 0.000053522 0.000359791
pos_voxels_116 0.015000000 0.010000000 0.000000000
U_voxels_116 0.142954374 -0.852627087 0.502584418 0.852627087 -0.151768672 -0.499993321 0.502584418 0.499993321 0.705276954
eps_voxels_116 -0.000127329 0.000176046 -0.000314692 0.000046642 0.000044845 0.000296691
pos_voxels_117 0.015000000 0.015000000 0.000000000
U_voxels_117 0.142954374 -0.852627087 0.502584418 0.852627087 -0.151768672 -0.499993321 0.502584418 0.499993321 0.705276954
eps_voxels_117 -0.000215734 0.000224758 -0.000286680 0.000235387 0.000036168 0.000233591
pos_voxels_118 0.015000000 0.020000000 0.000000000
U_voxels_118 0.142954374 -0.852627087 0.502584418 0.852627087 -0.151768672 -0.499993321 0.502584418 0.499993321 0.705276954
eps_voxels_118 -0.000304140 0.000273470 -0.000258667 0.000424132 0.000027491 0.000170491
pos_voxels_119 0.015000000 0.025000000 0.000000000
U_voxels_119 0.142954374 -0.852627087 0.502584418 0.852627087 -0.151768672 -0.499993321 0.502584418 0.499993321 0.705276954
eps_voxels_119 -0.000392545 0.000322182 -0.000230654 0.000612877 0.000018813 0.000107391
pos_voxels_120 0.015000000 0.030000000 0.000000000
U_voxels_120 0.142954374 -0.852627087 0.502584418 0.852627087 -0.151768672 -0.499993321 0.502584418 0.499993321 0.705276954
eps_voxels_120 -0.000480951 0.000370894 -0.000202641 0.000801623 0.000010136 0.000044291
pos_voxels_121 0.015000000 0.035000000 0.000000000
U_voxels_121 0.142954374 -0.852627087 0.502584418 0.852627087 -0.151768672 -0.499993321 0.502584418 0.499993321 0.705276954
eps_voxels_121 -0.000569356 0.000419606 -0.000174628 0.000990368 0.000001459 -0.000018809
pos_voxels_122 0.015000000 0.040000000 0.000000000
U_voxels_122 0.142954374 -0.852627087 0.502584418 0.852627087 -0.151768672 -0.499993321 0.502584418 0.499993321 0.705276954
eps_voxels_122 -0.000657762 0.000468319 -0.000146616 0.001179113 -0.000007218 -0.000081909
pos_voxels_123 0.015000000 0.045000000 0.000000000
U_voxels_123 0.142954374 -0.852627087 0.502584418 0.852627087 -0.151768672 -0.499993321 0.502584418 0.499993321 0.705276954
eps_voxels_123 -0.000746167 0.000517031 -0.000118603 0.001367858 -0.000015896 -0.000145009
pos_voxels_124 0.020000000 -0.045000000 0.000000000
U_voxels_124 0.142773285 -0.852578281 0.502718673 0.852578281 -0.152044946 -0.499992609 0.502718673 0.499992609 0.705181769
eps_voxels_124 0.000839755 -0.000393951 -0.000710160 -0.002083898 0.000250401 0.001087749
pos_voxels_125 0.020000000 -0.040000000 0.000000000
U_voxels_125 0.142773285 -0.852578281 0.502718673 0.852578281 -0.152044946 -0.499992609 0.502718673 0.499992609 0.705181769
eps_voxels_125 0.000751374 -0.000345171 -0.000682156 -0.001895178 0.000241675 0.001024650
pos_voxels_126 0.020000000 -0.035000000 0.000000000
U_voxels_126 0.142773285 -0.852578281 0.502718673 0.852578281 -0.152044946 -0.499992609 0.502718673 0.499992609 0.705181769
eps_voxels_126 0.000662992 -0.000296391 -0.000654153 -0.001706458 0.000232949 0.000961551
pos_voxels_127 0.020000000 -0.030000000 0.000000000
U_voxels_127 0.142773285 -0.852578281 0.502718673 0.852578281 -0.152044946 -0.499992609 0.502718673 0.499992609 0.705181769
eps_voxels_127 0.000574611 -0.000247611 -0.000626149 -0.001517738 0.000224224 0.000898452
pos_voxels_128 0.020000000 -0.025000000 0.000000000
U_voxels_128 0.142773285 -0.852578281 0.502718673 0.852578281 -0.152044946 -0.499992609 0.502718673 0.499992609 0.705181769
eps_voxels_128 0.000486229 -0.000198831 -0.000598145 -0.001329017 0.000215498 0.000835354
pos_voxels_129 0.020000000 -0.020000000 0.000000000
U_voxels_129 0.142773285 -0.852578281 0.502718673 0.852578281 -0.152044946 -0.499992609 0.502718673 0.499992609 0.705181769
eps_voxels_129 0.000397847 -0.000150051 -0.000570142 -0.001140297 0.000206772 0.000772255
pos_voxels_130 0.020000000 -0.015000000 0.000000000
U_voxels_130 0.142773285 -0.852578281 0.502718673 0.852578281 -0.152044946 -0.499992609 0.502718673 0.499992609 0.705181769
eps_voxels_130 0.000309466 -0.000101271 -0.000542138 -0.000951577 0.000198046 0.000709156
pos_voxels_131 0.020000000 -0.010000000 0.000000000
U_voxels_131 0.142773285 -0.852578281 0.502718673 0.852578281 -0.152044946 -0.499992609 0.502718673 0.499992609 0.705181769
eps_voxels_131 0.000221084 -0.000052491 -0.000514135 -0.000762857 0.000189320 0.000646058
pos_voxels_132 0.020000000 -0.005000000 0.000000000
U_voxels_132 0.142773285 -0.852578281 0.502718673 0.852578281 -0.152044946 -0.499992609 0.502718673 0.499992609 0.705181769
eps_voxels_132 0.000132703 -0.000003711 -0.000486131 -0.000574137 0.000180594 0.000582959
pos_voxels_133 0.020000000 0.000000000 0.000000000
U_voxels_133 0.142773285 -0.852578281 0.502718673 0.852578281 -0.152044946 -0.499992609 0.502718673 0.499992609 0.705181769
eps_voxels_133 0.000044321 0.000045069 -0.000458127 -0.000385417 0.000171869 0.000519860
pos_voxels_134 0.020000000 0.005000000 0.000000000
U_voxels_134 0.142773285 -0.852578281 0.502718673 0.852578281 -0.152044946 -0.499992609 0.502718673 0.499992609 0.705181769
eps_voxels_134 -0.000044061 0.000093849 -0.000430124 -0.000196697 0.000163143 0.000456762
pos_voxels_135 0.020000000 0.010000000 0.000000000
U_voxels_135 0.142773285 -0.852578281 0.502718673 0.852578281 -0.152044946 -0.499992609 0.502718673 0.499992609 0.705181769
eps_voxels_135 -0.000132442 0.000142628 -0.000402120 -0.000007977 0.000154417 0.000393663
pos_voxels_136 0.020000000 0.015000000 0.000000000
U_voxels_136 0.142773285 -0.852578281 0.502718673 0.852578281 -0.152044946 -0.499992609 0.502718673 0.499992609 0.705181769
eps_voxels_136 -0.000220824 0.000191408 -0.000374117 0.000180743 0.000145691 0.000330564
pos_voxels_137 0.020000000 0.020000000 0.000000000
U_voxels_137 0.142773285 -0.852578281 0.502718673 0.852578281 -0.152044946 -0.499992609 0.502718673 0.499992609 0.705181769
eps_voxels_137 -0.000309205 0.000240188 -0.000346113 0.000369463 0.000136965 0.000267465
pos_voxels_138 0.020000000 0.025000000 0.000000000
U_voxels_138 0.142773285 -0.852578281 0.502718673 0.852578281 -0.152044946 -0.499992609 0.502718673 0.499992609 0.705181769
eps_voxels_138 -0.000397587 0.000288968 -0.000318109 0.000558183 0.000128239 0.000204367
pos_voxels_139 0.020000000 0.030000000 0.000000000
U_voxels_139 0.142773285 -0.852578281 0.502718673 0.852578281 -0.152044946 -0.499992609 0.502718673 0.499992609 0.705181769
eps_voxels_139 -0.000485968 0.000337748 -0.000290106 0.000746903 0.000119514 0.000141268
pos_voxels_140 0.020000000 0.035000000 0.000000000
U_voxels_140 0.142773285 -0.852578281 0.502718673 0.852578281 -0.152044946 -0.499992609 0.502718673 0.499992609 0.705181769
eps_voxels_140 -0.000574350 0.000386528 -0.000262102 0.000935623 0.000110788 0.000078169
pos_voxels_141 0.020000000 0.040000000 0.000000000
U_voxels_141 0.142773285 -0.852578281 0.502718673 0.852578281 -0.152044946 -0.499992609 0.502718673 0.499992609 0.705181769
eps_voxels_141 -0.000662732 0.000435308 -0.000234098 0.001124343 0.000102062 0.000015071
pos_voxels_142 0.020000000 0.045000000 0.000000000
U_voxels_142 0.142773285 -0.852578281 0.502718673 0.852578281 -0.152044946 -0.499992609 0.502718673 0.499992609 0.705181769
eps_voxels_142 -0.000751113 0.000484088 -0.000206095 0.001313063 0.000093336 -0.000048028
pos_voxels_143 0.025000000 -0.040000000 0.000000000
U_voxels_143 0.142592227 -0.852529408 0.502852927 0.852529408 -0.152321201 -0.499991861 0.502852927 0.499991861 0.705086572
