
direc 'Sn'
stem 'Sn_ssch'
make_image 0
output  'merged.flt' 'delta.flt' 'delta.gve' '.par' '.ubi'
#output  'merged.flt' '.par' '.ubi'
structure_phase_0 '/home/axel/workspace/scanning-3dxrd-simulations/ModelScanning3DXRD/scripts/simul/Sn.cif'
y_size 0.0500
z_size 0.0500
dety_size 2048
detz_size 2048
distance 162.888383321
tilt_x -0.00260053595757
tilt_y -0.00366923010272
tilt_z 0.00463564130438
o11 1
o12 0
o21 0
o22 -1
noise 0
intensity_const 1
lorentz_apply 1
beampol_apply 0
peakshape 0
wavelength 0.21878
beamflux 1e-12
beampol_factor 1
beampol_direct 0
dety_center 998.798998
detz_center 1041.55049636
omega_start 0
omega_end 180
omega_step 1.0
omega_sign 1
theta_min 0
theta_max 8
wedge -0.0142439915706
#spatial '/home/axel/workspace/fable/ModelScanning3DXRD/scripts/simul/frelon4m.spline'

no_voxels 305
voxel_grain_map {0:0,1:0,2:0,3:0,4:0,5:0,6:0,7:0,8:0,9:0,10:0,11:0,12:0,13:0,14:0,15:0,16:0,17:0,18:0,19:0,20:0,21:0,22:0,23:0,24:0,25:0,26:0,27:0,28:0,29:0,30:0,31:0,32:0,33:0,34:0,35:0,36:0,37:0,38:0,39:0,40:0,41:0,42:0,43:0,44:0,45:0,46:0,47:0,48:0,49:0,50:0,51:0,52:0,53:0,54:0,55:0,56:0,57:0,58:0,59:0,60:0,61:0,62:0,63:0,64:0,65:0,66:0,67:0,68:0,69:0,70:0,71:0,72:0,73:0,74:0,75:0,76:0,77:0,78:0,79:0,80:0,81:0,82:0,83:0,84:0,85:0,86:0,87:0,88:0,89:0,90:0,91:0,92:0,93:0,94:0,95:0,96:0,97:0,98:0,99:0,100:0,101:0,102:0,103:0,104:0,105:0,106:0,107:0,108:0,109:0,110:0,111:0,112:0,113:0,114:0,115:0,116:0,117:0,118:0,119:0,120:0,121:0,122:0,123:0,124:0,125:0,126:0,127:0,128:0,129:0,130:0,131:0,132:0,133:0,134:0,135:0,136:0,137:0,138:0,139:0,140:0,141:0,142:0,143:0,144:0,145:0,146:0,147:0,148:0,149:0,150:0,151:0,152:0,153:0,154:0,155:0,156:0,157:0,158:0,159:0,160:0,161:0,162:0,163:0,164:0,165:0,166:0,167:0,168:0,169:0,170:0,171:0,172:0,173:0,174:0,175:0,176:0,177:0,178:0,179:0,180:0,181:0,182:0,183:0,184:0,185:0,186:0,187:0,188:0,189:0,190:0,191:0,192:0,193:0,194:0,195:0,196:0,197:0,198:0,199:0,200:0,201:0,202:0,203:0,204:0,205:0,206:0,207:0,208:0,209:0,210:0,211:0,212:0,213:0,214:0,215:0,216:0,217:0,218:0,219:0,220:0,221:0,222:0,223:0,224:0,225:0,226:0,227:0,228:0,229:0,230:0,231:0,232:0,233:0,234:0,235:0,236:0,237:0,238:0,239:0,240:0,241:0,242:0,243:0,244:0,245:0,246:0,247:0,248:0,249:0,250:0,251:0,252:0,253:0,254:0,255:0,256:0,257:0,258:0,259:0,260:0,261:0,262:0,263:0,264:0,265:0,266:0,267:0,268:0,269:0,270:0,271:0,272:0,273:0,274:0,275:0,276:0,277:0,278:0,279:0,280:0,281:0,282:0,283:0,284:0,285:0,286:0,287:0,288:0,289:0,290:0,291:0,292:0,293:0,294:0,295:0,296:0,297:0,298:0,299:0,300:0,301:0,302:0,303:0,304:0}
gen_size 1 -0.006203566 0.000000000 100.000000000
sample_xyz 0.120000000 0.120000000 0.015000000
beam_width 0.005000000
gen_U 0
pos_voxels_0 -0.055000000 0.010000000 0.000000000
U_voxels_0 0.143528037 -0.852781192 0.502159279 0.852781192 -0.150893675 -0.499995337 0.502159279 0.499995337 0.705578288
eps_voxels_0 -0.000075481 0.000771937 0.000799443 0.000791920 -0.001595685 -0.000952269
pos_voxels_1 -0.055000000 0.015000000 0.000000000
U_voxels_1 0.143528037 -0.852781192 0.502159279 0.852781192 -0.150893675 -0.499995337 0.502159279 0.499995337 0.705578288
eps_voxels_1 -0.000163962 0.000820434 0.000827485 0.000980744 -0.001604208 -0.001015373
pos_voxels_2 -0.055000000 0.020000000 0.000000000
U_voxels_2 0.143528037 -0.852781192 0.502159279 0.852781192 -0.150893675 -0.499995337 0.502159279 0.499995337 0.705578288
eps_voxels_2 -0.000252443 0.000868932 0.000855526 0.001169569 -0.001612732 -0.001078477
pos_voxels_3 -0.050000000 0.010000000 0.000000000
U_voxels_3 0.143346845 -0.852732601 0.502293534 0.852732601 -0.151170011 -0.499994740 0.502293534 0.499994740 0.705483144
eps_voxels_3 -0.000080195 0.000738884 0.000711401 0.000736335 -0.001486852 -0.000854731
pos_voxels_4 -0.050000000 0.015000000 0.000000000
U_voxels_4 0.143346845 -0.852732601 0.502293534 0.852732601 -0.151170011 -0.499994740 0.502293534 0.499994740 0.705483144
eps_voxels_4 -0.000168652 0.000787450 0.000739433 0.000925135 -0.001495424 -0.000917833
pos_voxels_5 -0.050000000 0.020000000 0.000000000
U_voxels_5 0.143346845 -0.852732601 0.502293534 0.852732601 -0.151170011 -0.499994740 0.502293534 0.499994740 0.705483144
eps_voxels_5 -0.000257109 0.000836015 0.000767466 0.001113934 -0.001503996 -0.000980936
pos_voxels_6 -0.050000000 0.025000000 0.000000000
U_voxels_6 0.143346845 -0.852732601 0.502293534 0.852732601 -0.151170011 -0.499994740 0.502293534 0.499994740 0.705483144
eps_voxels_6 -0.000345566 0.000884580 0.000795499 0.001302734 -0.001512568 -0.001044038
pos_voxels_7 -0.050000000 0.030000000 0.000000000
U_voxels_7 0.143346845 -0.852732601 0.502293534 0.852732601 -0.151170011 -0.499994740 0.502293534 0.499994740 0.705483144
eps_voxels_7 -0.000434023 0.000933146 0.000823531 0.001491533 -0.001521140 -0.001107141
pos_voxels_8 -0.045000000 0.010000000 0.000000000
U_voxels_8 0.143165686 -0.852683941 0.502427788 0.852683941 -0.151446327 -0.499994106 0.502427788 0.499994106 0.705387987
eps_voxels_8 -0.000084949 0.000705786 0.000623425 0.000680852 -0.001377928 -0.000757253
pos_voxels_9 -0.045000000 0.015000000 0.000000000
U_voxels_9 0.143165686 -0.852683941 0.502427788 0.852683941 -0.151446327 -0.499994106 0.502427788 0.499994106 0.705387987
eps_voxels_9 -0.000173382 0.000754419 0.000651449 0.000869626 -0.001386549 -0.000820355
pos_voxels_10 -0.045000000 0.020000000 0.000000000
U_voxels_10 0.143165686 -0.852683941 0.502427788 0.852683941 -0.151446327 -0.499994106 0.502427788 0.499994106 0.705387987
eps_voxels_10 -0.000261815 0.000803052 0.000679472 0.001058401 -0.001395169 -0.000883456
pos_voxels_11 -0.045000000 0.025000000 0.000000000
U_voxels_11 0.143165686 -0.852683941 0.502427788 0.852683941 -0.151446327 -0.499994106 0.502427788 0.499994106 0.705387987
eps_voxels_11 -0.000350249 0.000851686 0.000707496 0.001247175 -0.001403790 -0.000946557
pos_voxels_12 -0.045000000 0.030000000 0.000000000
U_voxels_12 0.143165686 -0.852683941 0.502427788 0.852683941 -0.151446327 -0.499994106 0.502427788 0.499994106 0.705387987
eps_voxels_12 -0.000438682 0.000900319 0.000735519 0.001435950 -0.001412410 -0.001009659
pos_voxels_13 -0.045000000 0.035000000 0.000000000
U_voxels_13 0.143165686 -0.852683941 0.502427788 0.852683941 -0.151446327 -0.499994106 0.502427788 0.499994106 0.705387987
eps_voxels_13 -0.000527115 0.000948952 0.000763543 0.001624724 -0.001421031 -0.001072760
pos_voxels_14 -0.040000000 0.010000000 0.000000000
U_voxels_14 0.142984559 -0.852635215 0.502562043 0.852635215 -0.151722625 -0.499993436 0.502562043 0.499993436 0.705292817
eps_voxels_14 -0.000089743 0.000672643 0.000535516 0.000625470 -0.001268913 -0.000659837
pos_voxels_15 -0.040000000 0.015000000 0.000000000
U_voxels_15 0.142984559 -0.852635215 0.502562043 0.852635215 -0.151722625 -0.499993436 0.502562043 0.499993436 0.705292817
eps_voxels_15 -0.000178153 0.000721344 0.000563530 0.000814219 -0.001277582 -0.000722937
pos_voxels_16 -0.040000000 0.020000000 0.000000000
U_voxels_16 0.142984559 -0.852635215 0.502562043 0.852635215 -0.151722625 -0.499993436 0.502562043 0.499993436 0.705292817
eps_voxels_16 -0.000266562 0.000770045 0.000591545 0.001002968 -0.001286251 -0.000786037
pos_voxels_17 -0.040000000 0.025000000 0.000000000
U_voxels_17 0.142984559 -0.852635215 0.502562043 0.852635215 -0.151722625 -0.499993436 0.502562043 0.499993436 0.705292817
eps_voxels_17 -0.000354972 0.000818746 0.000619559 0.001191718 -0.001294920 -0.000849137
pos_voxels_18 -0.040000000 0.030000000 0.000000000
U_voxels_18 0.142984559 -0.852635215 0.502562043 0.852635215 -0.151722625 -0.499993436 0.502562043 0.499993436 0.705292817
eps_voxels_18 -0.000443381 0.000867446 0.000647573 0.001380467 -0.001303589 -0.000912237
pos_voxels_19 -0.040000000 0.035000000 0.000000000
U_voxels_19 0.142984559 -0.852635215 0.502562043 0.852635215 -0.151722625 -0.499993436 0.502562043 0.499993436 0.705292817
eps_voxels_19 -0.000531791 0.000916147 0.000675588 0.001569217 -0.001312258 -0.000975338
pos_voxels_20 -0.040000000 0.040000000 0.000000000
U_voxels_20 0.142984559 -0.852635215 0.502562043 0.852635215 -0.151722625 -0.499993436 0.502562043 0.499993436 0.705292817
eps_voxels_20 -0.000620200 0.000964848 0.000703602 0.001757966 -0.001320927 -0.001038438
pos_voxels_21 -0.035000000 0.005000000 0.000000000
U_voxels_21 0.142803464 -0.852586420 0.502696297 0.852586420 -0.151998902 -0.499992730 0.502696297 0.499992730 0.705197634
eps_voxels_21 -0.000006192 0.000590686 0.000419668 0.000381464 -0.001151088 -0.000499383
pos_voxels_22 -0.035000000 0.010000000 0.000000000
U_voxels_22 0.142803464 -0.852586420 0.502696297 0.852586420 -0.151998902 -0.499992730 0.502696297 0.499992730 0.705197634
eps_voxels_22 -0.000094578 0.000639454 0.000447673 0.000570189 -0.001159806 -0.000562481
pos_voxels_23 -0.035000000 0.015000000 0.000000000
U_voxels_23 0.142803464 -0.852586420 0.502696297 0.852586420 -0.151998902 -0.499992730 0.502696297 0.499992730 0.705197634
eps_voxels_23 -0.000182964 0.000688223 0.000475678 0.000758913 -0.001168524 -0.000625580
pos_voxels_24 -0.035000000 0.020000000 0.000000000
U_voxels_24 0.142803464 -0.852586420 0.502696297 0.852586420 -0.151998902 -0.499992730 0.502696297 0.499992730 0.705197634
eps_voxels_24 -0.000271349 0.000736992 0.000503684 0.000947637 -0.001177241 -0.000688679
pos_voxels_25 -0.035000000 0.025000000 0.000000000
U_voxels_25 0.142803464 -0.852586420 0.502696297 0.852586420 -0.151998902 -0.499992730 0.502696297 0.499992730 0.705197634
eps_voxels_25 -0.000359735 0.000785760 0.000531689 0.001136361 -0.001185959 -0.000751778
pos_voxels_26 -0.035000000 0.030000000 0.000000000
U_voxels_26 0.142803464 -0.852586420 0.502696297 0.852586420 -0.151998902 -0.499992730 0.502696297 0.499992730 0.705197634
eps_voxels_26 -0.000448120 0.000834529 0.000559694 0.001325086 -0.001194677 -0.000814877
pos_voxels_27 -0.035000000 0.035000000 0.000000000
U_voxels_27 0.142803464 -0.852586420 0.502696297 0.852586420 -0.151998902 -0.499992730 0.502696297 0.499992730 0.705197634
eps_voxels_27 -0.000536506 0.000883297 0.000587699 0.001513810 -0.001203394 -0.000877976
pos_voxels_28 -0.035000000 0.040000000 0.000000000
U_voxels_28 0.142803464 -0.852586420 0.502696297 0.852586420 -0.151998902 -0.499992730 0.502696297 0.499992730 0.705197634
eps_voxels_28 -0.000624891 0.000932066 0.000615704 0.001702534 -0.001212112 -0.000941075
pos_voxels_29 -0.035000000 0.045000000 0.000000000
U_voxels_29 0.142803464 -0.852586420 0.502696297 0.852586420 -0.151998902 -0.499992730 0.502696297 0.499992730 0.705197634
eps_voxels_29 -0.000713277 0.000980835 0.000643709 0.001891259 -0.001220830 -0.001004174
pos_voxels_30 -0.030000000 0.010000000 0.000000000
U_voxels_30 0.142622401 -0.852537558 0.502830551 0.852537558 -0.152275160 -0.499991988 0.502830551 0.499991988 0.705102439
eps_voxels_30 -0.000099453 0.000606221 0.000359897 0.000515009 -0.001050608 -0.000465187
pos_voxels_31 -0.030000000 0.015000000 0.000000000
U_voxels_31 0.142622401 -0.852537558 0.502830551 0.852537558 -0.152275160 -0.499991988 0.502830551 0.499991988 0.705102439
eps_voxels_31 -0.000187815 0.000655057 0.000387893 0.000703708 -0.001059374 -0.000528285
pos_voxels_32 -0.030000000 0.020000000 0.000000000
U_voxels_32 0.142622401 -0.852537558 0.502830551 0.852537558 -0.152275160 -0.499991988 0.502830551 0.499991988 0.705102439
eps_voxels_32 -0.000276176 0.000703893 0.000415889 0.000892407 -0.001068140 -0.000591382
pos_voxels_33 -0.030000000 0.025000000 0.000000000
U_voxels_33 0.142622401 -0.852537558 0.502830551 0.852537558 -0.152275160 -0.499991988 0.502830551 0.499991988 0.705102439
eps_voxels_33 -0.000364538 0.000752730 0.000443885 0.001081107 -0.001076907 -0.000654480
pos_voxels_34 -0.030000000 0.030000000 0.000000000
U_voxels_34 0.142622401 -0.852537558 0.502830551 0.852537558 -0.152275160 -0.499991988 0.502830551 0.499991988 0.705102439
eps_voxels_34 -0.000452900 0.000801566 0.000471881 0.001269806 -0.001085673 -0.000717578
pos_voxels_35 -0.030000000 0.035000000 0.000000000
U_voxels_35 0.142622401 -0.852537558 0.502830551 0.852537558 -0.152275160 -0.499991988 0.502830551 0.499991988 0.705102439
eps_voxels_35 -0.000541261 0.000850402 0.000499877 0.001458505 -0.001094439 -0.000780675
pos_voxels_36 -0.030000000 0.040000000 0.000000000
U_voxels_36 0.142622401 -0.852537558 0.502830551 0.852537558 -0.152275160 -0.499991988 0.502830551 0.499991988 0.705102439
eps_voxels_36 -0.000629623 0.000899239 0.000527873 0.001647204 -0.001103206 -0.000843773
pos_voxels_37 -0.030000000 0.045000000 0.000000000
U_voxels_37 0.142622401 -0.852537558 0.502830551 0.852537558 -0.152275160 -0.499991988 0.502830551 0.499991988 0.705102439
eps_voxels_37 -0.000717985 0.000948075 0.000555869 0.001835903 -0.001111972 -0.000906871
pos_voxels_38 -0.030000000 0.050000000 0.000000000
U_voxels_38 0.142622401 -0.852537558 0.502830551 0.852537558 -0.152275160 -0.499991988 0.502830551 0.499991988 0.705102439
eps_voxels_38 -0.000806346 0.000996912 0.000583865 0.002024602 -0.001120738 -0.000969968
pos_voxels_39 -0.025000000 0.010000000 0.000000000
U_voxels_39 0.142441371 -0.852488628 0.502964805 0.852488628 -0.152551398 -0.499991210 0.502964805 0.499991210 0.705007231
eps_voxels_39 -0.000104369 0.000572942 0.000272188 0.000459931 -0.000941318 -0.000367954
pos_voxels_40 -0.025000000 0.015000000 0.000000000
U_voxels_40 0.142441371 -0.852488628 0.502964805 0.852488628 -0.152551398 -0.499991210 0.502964805 0.499991210 0.705007231
eps_voxels_40 -0.000192706 0.000621846 0.000300174 0.000648605 -0.000950133 -0.000431050
pos_voxels_41 -0.025000000 0.020000000 0.000000000
U_voxels_41 0.142441371 -0.852488628 0.502964805 0.852488628 -0.152551398 -0.499991210 0.502964805 0.499991210 0.705007231
eps_voxels_41 -0.000281044 0.000670750 0.000328161 0.000837279 -0.000958948 -0.000494147
pos_voxels_42 -0.025000000 0.025000000 0.000000000
U_voxels_42 0.142441371 -0.852488628 0.502964805 0.852488628 -0.152551398 -0.499991210 0.502964805 0.499991210 0.705007231
eps_voxels_42 -0.000369382 0.000719654 0.000356148 0.001025953 -0.000967763 -0.000557243
pos_voxels_43 -0.025000000 0.030000000 0.000000000
U_voxels_43 0.142441371 -0.852488628 0.502964805 0.852488628 -0.152551398 -0.499991210 0.502964805 0.499991210 0.705007231
eps_voxels_43 -0.000457719 0.000768558 0.000384135 0.001214627 -0.000976578 -0.000620339
pos_voxels_44 -0.025000000 0.035000000 0.000000000
U_voxels_44 0.142441371 -0.852488628 0.502964805 0.852488628 -0.152551398 -0.499991210 0.502964805 0.499991210 0.705007231
eps_voxels_44 -0.000546057 0.000817462 0.000412121 0.001403301 -0.000985393 -0.000683436
pos_voxels_45 -0.025000000 0.040000000 0.000000000
U_voxels_45 0.142441371 -0.852488628 0.502964805 0.852488628 -0.152551398 -0.499991210 0.502964805 0.499991210 0.705007231
eps_voxels_45 -0.000634395 0.000866366 0.000440108 0.001591974 -0.000994208 -0.000746532
pos_voxels_46 -0.025000000 0.045000000 0.000000000
U_voxels_46 0.142441371 -0.852488628 0.502964805 0.852488628 -0.152551398 -0.499991210 0.502964805 0.499991210 0.705007231
eps_voxels_46 -0.000722733 0.000915270 0.000468095 0.001780648 -0.001003023 -0.000809628
pos_voxels_47 -0.025000000 0.050000000 0.000000000
U_voxels_47 0.142441371 -0.852488628 0.502964805 0.852488628 -0.152551398 -0.499991210 0.502964805 0.499991210 0.705007231
eps_voxels_47 -0.000811070 0.000964174 0.000496081 0.001969322 -0.001011838 -0.000872725
pos_voxels_48 -0.020000000 0.010000000 0.000000000
U_voxels_48 0.142260373 -0.852439631 0.503099058 0.852439631 -0.152827617 -0.499990396 0.503099058 0.499990396 0.704912010
eps_voxels_48 -0.000109325 0.000539618 0.000184545 0.000404955 -0.000831938 -0.000270782
pos_voxels_49 -0.020000000 0.015000000 0.000000000
U_voxels_49 0.142260373 -0.852439631 0.503099058 0.852439631 -0.152827617 -0.499990396 0.503099058 0.499990396 0.704912010
eps_voxels_49 -0.000197638 0.000588590 0.000212522 0.000593603 -0.000840801 -0.000333877
pos_voxels_50 -0.020000000 0.020000000 0.000000000
U_voxels_50 0.142260373 -0.852439631 0.503099058 0.852439631 -0.152827617 -0.499990396 0.503099058 0.499990396 0.704912010
eps_voxels_50 -0.000285952 0.000637562 0.000240500 0.000782252 -0.000849665 -0.000396972
pos_voxels_51 -0.020000000 0.025000000 0.000000000
U_voxels_51 0.142260373 -0.852439631 0.503099058 0.852439631 -0.152827617 -0.499990396 0.503099058 0.499990396 0.704912010
eps_voxels_51 -0.000374266 0.000686533 0.000268477 0.000970901 -0.000858528 -0.000460067
pos_voxels_52 -0.020000000 0.030000000 0.000000000
U_voxels_52 0.142260373 -0.852439631 0.503099058 0.852439631 -0.152827617 -0.499990396 0.503099058 0.499990396 0.704912010
eps_voxels_52 -0.000462579 0.000735505 0.000296455 0.001159549 -0.000867392 -0.000523162
pos_voxels_53 -0.020000000 0.035000000 0.000000000
U_voxels_53 0.142260373 -0.852439631 0.503099058 0.852439631 -0.152827617 -0.499990396 0.503099058 0.499990396 0.704912010
eps_voxels_53 -0.000550893 0.000784477 0.000324432 0.001348198 -0.000876255 -0.000586257
pos_voxels_54 -0.020000000 0.040000000 0.000000000
U_voxels_54 0.142260373 -0.852439631 0.503099058 0.852439631 -0.152827617 -0.499990396 0.503099058 0.499990396 0.704912010
eps_voxels_54 -0.000639207 0.000833449 0.000352410 0.001536846 -0.000885119 -0.000649352
pos_voxels_55 -0.020000000 0.045000000 0.000000000
U_voxels_55 0.142260373 -0.852439631 0.503099058 0.852439631 -0.152827617 -0.499990396 0.503099058 0.499990396 0.704912010
eps_voxels_55 -0.000727521 0.000882421 0.000380387 0.001725495 -0.000893983 -0.000712447
pos_voxels_56 -0.020000000 0.050000000 0.000000000
U_voxels_56 0.142260373 -0.852439631 0.503099058 0.852439631 -0.152827617 -0.499990396 0.503099058 0.499990396 0.704912010
eps_voxels_56 -0.000815834 0.000931392 0.000408365 0.001914144 -0.000902846 -0.000775542
pos_voxels_57 -0.020000000 0.055000000 0.000000000
U_voxels_57 0.142260373 -0.852439631 0.503099058 0.852439631 -0.152827617 -0.499990396 0.503099058 0.499990396 0.704912010
eps_voxels_57 -0.000904148 0.000980364 0.000436342 0.002102792 -0.000911710 -0.000838637
pos_voxels_58 -0.015000000 0.005000000 0.000000000
U_voxels_58 0.142079408 -0.852390565 0.503233312 0.852390565 -0.153103816 -0.499989546 0.503233312 0.499989546 0.704816776
eps_voxels_58 -0.000026031 0.000457210 0.000069001 0.000161457 -0.000713554 -0.000110577
pos_voxels_59 -0.015000000 0.010000000 0.000000000
U_voxels_59 0.142079408 -0.852390565 0.503233312 0.852390565 -0.153103816 -0.499989546 0.503233312 0.499989546 0.704816776
eps_voxels_59 -0.000114321 0.000506249 0.000096969 0.000350080 -0.000722466 -0.000173671
pos_voxels_60 -0.015000000 0.015000000 0.000000000
U_voxels_60 0.142079408 -0.852390565 0.503233312 0.852390565 -0.153103816 -0.499989546 0.503233312 0.499989546 0.704816776
eps_voxels_60 -0.000202611 0.000555289 0.000124937 0.000538703 -0.000731378 -0.000236765
pos_voxels_61 -0.015000000 0.020000000 0.000000000
U_voxels_61 0.142079408 -0.852390565 0.503233312 0.852390565 -0.153103816 -0.499989546 0.503233312 0.499989546 0.704816776
eps_voxels_61 -0.000290900 0.000604328 0.000152905 0.000727327 -0.000740290 -0.000299859
pos_voxels_62 -0.015000000 0.025000000 0.000000000
U_voxels_62 0.142079408 -0.852390565 0.503233312 0.852390565 -0.153103816 -0.499989546 0.503233312 0.499989546 0.704816776
eps_voxels_62 -0.000379190 0.000653368 0.000180874 0.000915950 -0.000749202 -0.000362952
pos_voxels_63 -0.015000000 0.030000000 0.000000000
U_voxels_63 0.142079408 -0.852390565 0.503233312 0.852390565 -0.153103816 -0.499989546 0.503233312 0.499989546 0.704816776
eps_voxels_63 -0.000467480 0.000702407 0.000208842 0.001104573 -0.000758115 -0.000426046
pos_voxels_64 -0.015000000 0.035000000 0.000000000
U_voxels_64 0.142079408 -0.852390565 0.503233312 0.852390565 -0.153103816 -0.499989546 0.503233312 0.499989546 0.704816776
eps_voxels_64 -0.000555769 0.000751447 0.000236810 0.001293196 -0.000767027 -0.000489140
pos_voxels_65 -0.015000000 0.040000000 0.000000000
U_voxels_65 0.142079408 -0.852390565 0.503233312 0.852390565 -0.153103816 -0.499989546 0.503233312 0.499989546 0.704816776
eps_voxels_65 -0.000644059 0.000800486 0.000264778 0.001481820 -0.000775939 -0.000552234
pos_voxels_66 -0.015000000 0.045000000 0.000000000
U_voxels_66 0.142079408 -0.852390565 0.503233312 0.852390565 -0.153103816 -0.499989546 0.503233312 0.499989546 0.704816776
eps_voxels_66 -0.000732349 0.000849526 0.000292746 0.001670443 -0.000784851 -0.000615327
pos_voxels_67 -0.015000000 0.050000000 0.000000000
U_voxels_67 0.142079408 -0.852390565 0.503233312 0.852390565 -0.153103816 -0.499989546 0.503233312 0.499989546 0.704816776
eps_voxels_67 -0.000820639 0.000898565 0.000320714 0.001859066 -0.000793763 -0.000678421
pos_voxels_68 -0.015000000 0.055000000 0.000000000
U_voxels_68 0.142079408 -0.852390565 0.503233312 0.852390565 -0.153103816 -0.499989546 0.503233312 0.499989546 0.704816776
eps_voxels_68 -0.000908928 0.000947604 0.000348683 0.002047690 -0.000802676 -0.000741515
pos_voxels_69 -0.010000000 0.005000000 0.000000000
U_voxels_69 0.141898474 -0.852341432 0.503367565 0.852341432 -0.153379995 -0.499988659 0.503367565 0.499988659 0.704721530
eps_voxels_69 -0.000031092 0.000423729 -0.000018499 0.000106709 -0.000603942 -0.000013529
pos_voxels_70 -0.010000000 0.010000000 0.000000000
U_voxels_70 0.141898474 -0.852341432 0.503367565 0.852341432 -0.153379995 -0.499988659 0.503367565 0.499988659 0.704721530
eps_voxels_70 -0.000119358 0.000472836 0.000009460 0.000295307 -0.000612903 -0.000076621
pos_voxels_71 -0.010000000 0.015000000 0.000000000
U_voxels_71 0.141898474 -0.852341432 0.503367565 0.852341432 -0.153379995 -0.499988659 0.503367565 0.499988659 0.704721530
eps_voxels_71 -0.000207623 0.000521943 0.000037419 0.000483905 -0.000621864 -0.000139714
pos_voxels_72 -0.010000000 0.020000000 0.000000000
U_voxels_72 0.141898474 -0.852341432 0.503367565 0.852341432 -0.153379995 -0.499988659 0.503367565 0.499988659 0.704721530
eps_voxels_72 -0.000295889 0.000571050 0.000065377 0.000672503 -0.000630825 -0.000202806
pos_voxels_73 -0.010000000 0.025000000 0.000000000
U_voxels_73 0.141898474 -0.852341432 0.503367565 0.852341432 -0.153379995 -0.499988659 0.503367565 0.499988659 0.704721530
eps_voxels_73 -0.000384155 0.000620157 0.000093336 0.000861101 -0.000639786 -0.000265899
pos_voxels_74 -0.010000000 0.030000000 0.000000000
U_voxels_74 0.141898474 -0.852341432 0.503367565 0.852341432 -0.153379995 -0.499988659 0.503367565 0.499988659 0.704721530
eps_voxels_74 -0.000472420 0.000669264 0.000121295 0.001049699 -0.000648746 -0.000328991
pos_voxels_75 -0.010000000 0.035000000 0.000000000
U_voxels_75 0.141898474 -0.852341432 0.503367565 0.852341432 -0.153379995 -0.499988659 0.503367565 0.499988659 0.704721530
eps_voxels_75 -0.000560686 0.000718371 0.000149254 0.001238297 -0.000657707 -0.000392084
pos_voxels_76 -0.010000000 0.040000000 0.000000000
U_voxels_76 0.141898474 -0.852341432 0.503367565 0.852341432 -0.153379995 -0.499988659 0.503367565 0.499988659 0.704721530
eps_voxels_76 -0.000648952 0.000767479 0.000177213 0.001426895 -0.000666668 -0.000455176
pos_voxels_77 -0.010000000 0.045000000 0.000000000
U_voxels_77 0.141898474 -0.852341432 0.503367565 0.852341432 -0.153379995 -0.499988659 0.503367565 0.499988659 0.704721530
eps_voxels_77 -0.000737217 0.000816586 0.000205172 0.001615492 -0.000675629 -0.000518268
pos_voxels_78 -0.010000000 0.050000000 0.000000000
U_voxels_78 0.141898474 -0.852341432 0.503367565 0.852341432 -0.153379995 -0.499988659 0.503367565 0.499988659 0.704721530
eps_voxels_78 -0.000825483 0.000865693 0.000233131 0.001804090 -0.000684589 -0.000581361
pos_voxels_79 -0.010000000 0.055000000 0.000000000
U_voxels_79 0.141898474 -0.852341432 0.503367565 0.852341432 -0.153379995 -0.499988659 0.503367565 0.499988659 0.704721530
eps_voxels_79 -0.000913749 0.000914800 0.000261090 0.001992688 -0.000693550 -0.000644453
pos_voxels_80 -0.005000000 0.000000000 0.000000000
U_voxels_80 0.141717574 -0.852292232 0.503501818 0.852292232 -0.153656155 -0.499987737 0.503501818 0.499987737 0.704626271
eps_voxels_80 0.000052048 0.000341028 -0.000133882 -0.000136509 -0.000485231 0.000146549
pos_voxels_81 -0.005000000 0.005000000 0.000000000
U_voxels_81 0.141717574 -0.852292232 0.503501818 0.852292232 -0.153656155 -0.499987737 0.503501818 0.499987737 0.704626271
eps_voxels_81 -0.000036193 0.000390203 -0.000105932 0.000052063 -0.000494240 0.000083458
pos_voxels_82 -0.005000000 0.010000000 0.000000000
U_voxels_82 0.141717574 -0.852292232 0.503501818 0.852292232 -0.153656155 -0.499987737 0.503501818 0.499987737 0.704626271
eps_voxels_82 -0.000124435 0.000439378 -0.000077983 0.000240636 -0.000503249 0.000020367
pos_voxels_83 -0.005000000 0.015000000 0.000000000
U_voxels_83 0.141717574 -0.852292232 0.503501818 0.852292232 -0.153656155 -0.499987737 0.503501818 0.499987737 0.704626271
eps_voxels_83 -0.000212676 0.000488552 -0.000050033 0.000429208 -0.000512259 -0.000042724
pos_voxels_84 -0.005000000 0.020000000 0.000000000
U_voxels_84 0.141717574 -0.852292232 0.503501818 0.852292232 -0.153656155 -0.499987737 0.503501818 0.499987737 0.704626271
eps_voxels_84 -0.000300918 0.000537727 -0.000022084 0.000617781 -0.000521268 -0.000105815
pos_voxels_85 -0.005000000 0.025000000 0.000000000
U_voxels_85 0.141717574 -0.852292232 0.503501818 0.852292232 -0.153656155 -0.499987737 0.503501818 0.499987737 0.704626271
eps_voxels_85 -0.000389160 0.000586902 0.000005866 0.000806353 -0.000530278 -0.000168906
pos_voxels_86 -0.005000000 0.030000000 0.000000000
U_voxels_86 0.141717574 -0.852292232 0.503501818 0.852292232 -0.153656155 -0.499987737 0.503501818 0.499987737 0.704626271
eps_voxels_86 -0.000477401 0.000636077 0.000033816 0.000994926 -0.000539287 -0.000231997
pos_voxels_87 -0.005000000 0.035000000 0.000000000
U_voxels_87 0.141717574 -0.852292232 0.503501818 0.852292232 -0.153656155 -0.499987737 0.503501818 0.499987737 0.704626271
eps_voxels_87 -0.000565643 0.000685251 0.000061765 0.001183498 -0.000548296 -0.000295089
pos_voxels_88 -0.005000000 0.040000000 0.000000000
U_voxels_88 0.141717574 -0.852292232 0.503501818 0.852292232 -0.153656155 -0.499987737 0.503501818 0.499987737 0.704626271
eps_voxels_88 -0.000653885 0.000734426 0.000089715 0.001372071 -0.000557306 -0.000358180
pos_voxels_89 -0.005000000 0.045000000 0.000000000
U_voxels_89 0.141717574 -0.852292232 0.503501818 0.852292232 -0.153656155 -0.499987737 0.503501818 0.499987737 0.704626271
eps_voxels_89 -0.000742126 0.000783601 0.000117664 0.001560643 -0.000566315 -0.000421271
pos_voxels_90 -0.005000000 0.050000000 0.000000000
U_voxels_90 0.141717574 -0.852292232 0.503501818 0.852292232 -0.153656155 -0.499987737 0.503501818 0.499987737 0.704626271
eps_voxels_90 -0.000830368 0.000832776 0.000145614 0.001749216 -0.000575325 -0.000484362
pos_voxels_91 -0.005000000 0.055000000 0.000000000
U_voxels_91 0.141717574 -0.852292232 0.503501818 0.852292232 -0.153656155 -0.499987737 0.503501818 0.499987737 0.704626271
eps_voxels_91 -0.000918609 0.000881950 0.000173563 0.001937788 -0.000584334 -0.000547453
pos_voxels_92 0.000000000 -0.005000000 0.000000000
U_voxels_92 0.141536705 -0.852242964 0.503636071 0.852242964 -0.153932295 -0.499986779 0.503636071 0.499986779 0.704531000
eps_voxels_92 0.000135100 0.000258148 -0.000249179 -0.000379575 -0.000366331 0.000306563
pos_voxels_93 0.000000000 0.000000000 0.000000000
U_voxels_93 0.141536705 -0.852242964 0.503636071 0.852242964 -0.153932295 -0.499986779 0.503636071 0.499986779 0.704531000
eps_voxels_93 0.000046882 0.000307390 -0.000221239 -0.000191028 -0.000375389 0.000243473
pos_voxels_94 0.000000000 0.005000000 0.000000000
U_voxels_94 0.141536705 -0.852242964 0.503636071 0.852242964 -0.153932295 -0.499986779 0.503636071 0.499986779 0.704531000
eps_voxels_94 -0.000041335 0.000356632 -0.000193299 -0.000002481 -0.000384447 0.000180384
pos_voxels_95 0.000000000 0.010000000 0.000000000
U_voxels_95 0.141536705 -0.852242964 0.503636071 0.852242964 -0.153932295 -0.499986779 0.503636071 0.499986779 0.704531000
eps_voxels_95 -0.000129553 0.000405875 -0.000165358 0.000186066 -0.000393505 0.000117294
pos_voxels_96 0.000000000 0.015000000 0.000000000
U_voxels_96 0.141536705 -0.852242964 0.503636071 0.852242964 -0.153932295 -0.499986779 0.503636071 0.499986779 0.704531000
eps_voxels_96 -0.000217770 0.000455117 -0.000137418 0.000374613 -0.000402563 0.000054204
pos_voxels_97 0.000000000 0.020000000 0.000000000
U_voxels_97 0.141536705 -0.852242964 0.503636071 0.852242964 -0.153932295 -0.499986779 0.503636071 0.499986779 0.704531000
eps_voxels_97 -0.000305988 0.000504359 -0.000109478 0.000563161 -0.000411621 -0.000008886
pos_voxels_98 0.000000000 0.025000000 0.000000000
U_voxels_98 0.141536705 -0.852242964 0.503636071 0.852242964 -0.153932295 -0.499986779 0.503636071 0.499986779 0.704531000
eps_voxels_98 -0.000394205 0.000553602 -0.000081538 0.000751708 -0.000420679 -0.000071975
pos_voxels_99 0.000000000 0.030000000 0.000000000
U_voxels_99 0.141536705 -0.852242964 0.503636071 0.852242964 -0.153932295 -0.499986779 0.503636071 0.499986779 0.704531000
eps_voxels_99 -0.000482423 0.000602844 -0.000053598 0.000940255 -0.000429737 -0.000135065
pos_voxels_100 0.000000000 0.035000000 0.000000000
U_voxels_100 0.141536705 -0.852242964 0.503636071 0.852242964 -0.153932295 -0.499986779 0.503636071 0.499986779 0.704531000
eps_voxels_100 -0.000570640 0.000652086 -0.000025657 0.001128802 -0.000438795 -0.000198155
pos_voxels_101 0.000000000 0.040000000 0.000000000
U_voxels_101 0.141536705 -0.852242964 0.503636071 0.852242964 -0.153932295 -0.499986779 0.503636071 0.499986779 0.704531000
eps_voxels_101 -0.000658858 0.000701329 0.000002283 0.001317349 -0.000447853 -0.000261245
pos_voxels_102 0.000000000 0.045000000 0.000000000
U_voxels_102 0.141536705 -0.852242964 0.503636071 0.852242964 -0.153932295 -0.499986779 0.503636071 0.499986779 0.704531000
eps_voxels_102 -0.000747075 0.000750571 0.000030223 0.001505896 -0.000456911 -0.000324334
pos_voxels_103 0.000000000 0.050000000 0.000000000
U_voxels_103 0.141536705 -0.852242964 0.503636071 0.852242964 -0.153932295 -0.499986779 0.503636071 0.499986779 0.704531000
eps_voxels_103 -0.000835293 0.000799814 0.000058163 0.001694443 -0.000465969 -0.000387424
pos_voxels_104 0.000000000 0.055000000 0.000000000
U_voxels_104 0.141536705 -0.852242964 0.503636071 0.852242964 -0.153932295 -0.499986779 0.503636071 0.499986779 0.704531000
eps_voxels_104 -0.000923510 0.000849056 0.000086104 0.001882990 -0.000475027 -0.000450514
pos_voxels_105 0.005000000 -0.035000000 0.000000000
U_voxels_105 0.141355869 -0.852193628 0.503770323 0.852193628 -0.154208415 -0.499985784 0.503770323 0.499985784 0.704435715
eps_voxels_105 0.000659030 -0.000071463 -0.000504045 -0.001565095 -0.000201710 0.000781955
pos_voxels_106 0.005000000 -0.015000000 0.000000000
U_voxels_106 0.141355869 -0.852193628 0.503770323 0.852193628 -0.154208415 -0.499985784 0.503770323 0.499985784 0.704435715
eps_voxels_106 0.000306256 0.000125777 -0.000392322 -0.000811009 -0.000238136 0.000529601
pos_voxels_107 0.005000000 -0.010000000 0.000000000
U_voxels_107 0.141355869 -0.852193628 0.503770323 0.852193628 -0.154208415 -0.499985784 0.503770323 0.499985784 0.704435715
eps_voxels_107 0.000218063 0.000175087 -0.000364391 -0.000622487 -0.000247243 0.000466513
pos_voxels_108 0.005000000 -0.005000000 0.000000000
U_voxels_108 0.141355869 -0.852193628 0.503770323 0.852193628 -0.154208415 -0.499985784 0.503770323 0.499985784 0.704435715
eps_voxels_108 0.000129869 0.000224397 -0.000336460 -0.000433966 -0.000256350 0.000403424
pos_voxels_109 0.005000000 0.000000000 0.000000000
U_voxels_109 0.141355869 -0.852193628 0.503770323 0.852193628 -0.154208415 -0.499985784 0.503770323 0.499985784 0.704435715
eps_voxels_109 0.000041676 0.000273707 -0.000308529 -0.000245444 -0.000265456 0.000340336
pos_voxels_110 0.005000000 0.005000000 0.000000000
U_voxels_110 0.141355869 -0.852193628 0.503770323 0.852193628 -0.154208415 -0.499985784 0.503770323 0.499985784 0.704435715
eps_voxels_110 -0.000046518 0.000323017 -0.000280598 -0.000056923 -0.000274563 0.000277248
pos_voxels_111 0.005000000 0.010000000 0.000000000
U_voxels_111 0.141355869 -0.852193628 0.503770323 0.852193628 -0.154208415 -0.499985784 0.503770323 0.499985784 0.704435715
eps_voxels_111 -0.000134711 0.000372327 -0.000252667 0.000131599 -0.000283669 0.000214159
pos_voxels_112 0.005000000 0.015000000 0.000000000
U_voxels_112 0.141355869 -0.852193628 0.503770323 0.852193628 -0.154208415 -0.499985784 0.503770323 0.499985784 0.704435715
eps_voxels_112 -0.000222904 0.000421637 -0.000224736 0.000320121 -0.000292776 0.000151071
pos_voxels_113 0.005000000 0.020000000 0.000000000
U_voxels_113 0.141355869 -0.852193628 0.503770323 0.852193628 -0.154208415 -0.499985784 0.503770323 0.499985784 0.704435715
eps_voxels_113 -0.000311098 0.000470947 -0.000196805 0.000508642 -0.000301882 0.000087983
pos_voxels_114 0.005000000 0.025000000 0.000000000
U_voxels_114 0.141355869 -0.852193628 0.503770323 0.852193628 -0.154208415 -0.499985784 0.503770323 0.499985784 0.704435715
eps_voxels_114 -0.000399291 0.000520257 -0.000168875 0.000697164 -0.000310989 0.000024894
pos_voxels_115 0.005000000 0.030000000 0.000000000
U_voxels_115 0.141355869 -0.852193628 0.503770323 0.852193628 -0.154208415 -0.499985784 0.503770323 0.499985784 0.704435715
eps_voxels_115 -0.000487485 0.000569567 -0.000140944 0.000885685 -0.000320096 -0.000038194
pos_voxels_116 0.005000000 0.035000000 0.000000000
U_voxels_116 0.141355869 -0.852193628 0.503770323 0.852193628 -0.154208415 -0.499985784 0.503770323 0.499985784 0.704435715
eps_voxels_116 -0.000575678 0.000618877 -0.000113013 0.001074207 -0.000329202 -0.000101282
pos_voxels_117 0.005000000 0.040000000 0.000000000
U_voxels_117 0.141355869 -0.852193628 0.503770323 0.852193628 -0.154208415 -0.499985784 0.503770323 0.499985784 0.704435715
eps_voxels_117 -0.000663871 0.000668187 -0.000085082 0.001262728 -0.000338309 -0.000164371
pos_voxels_118 0.005000000 0.045000000 0.000000000
U_voxels_118 0.141355869 -0.852193628 0.503770323 0.852193628 -0.154208415 -0.499985784 0.503770323 0.499985784 0.704435715
eps_voxels_118 -0.000752065 0.000717497 -0.000057151 0.001451250 -0.000347415 -0.000227459
pos_voxels_119 0.005000000 0.050000000 0.000000000
U_voxels_119 0.141355869 -0.852193628 0.503770323 0.852193628 -0.154208415 -0.499985784 0.503770323 0.499985784 0.704435715
eps_voxels_119 -0.000840258 0.000766807 -0.000029220 0.001639771 -0.000356522 -0.000290547
pos_voxels_120 0.005000000 0.055000000 0.000000000
U_voxels_120 0.141355869 -0.852193628 0.503770323 0.852193628 -0.154208415 -0.499985784 0.503770323 0.499985784 0.704435715
eps_voxels_120 -0.000928452 0.000816117 -0.000001289 0.001828293 -0.000365628 -0.000353636
pos_voxels_121 0.010000000 -0.055000000 0.000000000
U_voxels_121 0.141175066 -0.852144225 0.503904575 0.852144225 -0.154484516 -0.499984754 0.503904575 0.499984754 0.704340418
eps_voxels_121 0.001006290 -0.000303173 -0.000702888 -0.002373214 -0.000054726 0.001131094
pos_voxels_122 0.010000000 -0.050000000 0.000000000
U_voxels_122 0.141175066 -0.852144225 0.503904575 0.852144225 -0.154484516 -0.499984754 0.503904575 0.499984754 0.704340418
eps_voxels_122 0.000918121 -0.000253796 -0.000674967 -0.002184718 -0.000063881 0.001068007
pos_voxels_123 0.010000000 -0.045000000 0.000000000
U_voxels_123 0.141175066 -0.852144225 0.503904575 0.852144225 -0.154484516 -0.499984754 0.503904575 0.499984754 0.704340418
eps_voxels_123 0.000829952 -0.000204418 -0.000647045 -0.001996222 -0.000073036 0.001004920
pos_voxels_124 0.010000000 -0.040000000 0.000000000
U_voxels_124 0.141175066 -0.852144225 0.503904575 0.852144225 -0.154484516 -0.499984754 0.503904575 0.499984754 0.704340418
eps_voxels_124 0.000741783 -0.000155041 -0.000619124 -0.001807726 -0.000082191 0.000941833
pos_voxels_125 0.010000000 -0.035000000 0.000000000
U_voxels_125 0.141175066 -0.852144225 0.503904575 0.852144225 -0.154484516 -0.499984754 0.503904575 0.499984754 0.704340418
eps_voxels_125 0.000653613 -0.000105663 -0.000591202 -0.001619230 -0.000091346 0.000878746
pos_voxels_126 0.010000000 -0.030000000 0.000000000
U_voxels_126 0.141175066 -0.852144225 0.503904575 0.852144225 -0.154484516 -0.499984754 0.503904575 0.499984754 0.704340418
eps_voxels_126 0.000565444 -0.000056285 -0.000563281 -0.001430734 -0.000100502 0.000815659
pos_voxels_127 0.010000000 -0.025000000 0.000000000
U_voxels_127 0.141175066 -0.852144225 0.503904575 0.852144225 -0.154484516 -0.499984754 0.503904575 0.499984754 0.704340418
eps_voxels_127 0.000477275 -0.000006908 -0.000535359 -0.001242238 -0.000109657 0.000752572
pos_voxels_128 0.010000000 -0.020000000 0.000000000
U_voxels_128 0.141175066 -0.852144225 0.503904575 0.852144225 -0.154484516 -0.499984754 0.503904575 0.499984754 0.704340418
eps_voxels_128 0.000389106 0.000042470 -0.000507438 -0.001053742 -0.000118812 0.000689485
pos_voxels_129 0.010000000 -0.015000000 0.000000000
U_voxels_129 0.141175066 -0.852144225 0.503904575 0.852144225 -0.154484516 -0.499984754 0.503904575 0.499984754 0.704340418
eps_voxels_129 0.000300936 0.000091847 -0.000479516 -0.000865246 -0.000127967 0.000626398
pos_voxels_130 0.010000000 -0.010000000 0.000000000
U_voxels_130 0.141175066 -0.852144225 0.503904575 0.852144225 -0.154484516 -0.499984754 0.503904575 0.499984754 0.704340418
eps_voxels_130 0.000212767 0.000141225 -0.000451595 -0.000676750 -0.000137122 0.000563311
pos_voxels_131 0.010000000 -0.005000000 0.000000000
U_voxels_131 0.141175066 -0.852144225 0.503904575 0.852144225 -0.154484516 -0.499984754 0.503904575 0.499984754 0.704340418
eps_voxels_131 0.000124598 0.000190602 -0.000423674 -0.000488254 -0.000146277 0.000500224
pos_voxels_132 0.010000000 0.000000000 0.000000000
U_voxels_132 0.141175066 -0.852144225 0.503904575 0.852144225 -0.154484516 -0.499984754 0.503904575 0.499984754 0.704340418
eps_voxels_132 0.000036429 0.000239980 -0.000395752 -0.000299758 -0.000155433 0.000437137
pos_voxels_133 0.010000000 0.005000000 0.000000000
U_voxels_133 0.141175066 -0.852144225 0.503904575 0.852144225 -0.154484516 -0.499984754 0.503904575 0.499984754 0.704340418
eps_voxels_133 -0.000051741 0.000289357 -0.000367831 -0.000111262 -0.000164588 0.000374050
pos_voxels_134 0.010000000 0.010000000 0.000000000
U_voxels_134 0.141175066 -0.852144225 0.503904575 0.852144225 -0.154484516 -0.499984754 0.503904575 0.499984754 0.704340418
eps_voxels_134 -0.000139910 0.000338735 -0.000339909 0.000077234 -0.000173743 0.000310964
pos_voxels_135 0.010000000 0.015000000 0.000000000
U_voxels_135 0.141175066 -0.852144225 0.503904575 0.852144225 -0.154484516 -0.499984754 0.503904575 0.499984754 0.704340418
eps_voxels_135 -0.000228079 0.000388112 -0.000311988 0.000265730 -0.000182898 0.000247877
pos_voxels_136 0.010000000 0.020000000 0.000000000
U_voxels_136 0.141175066 -0.852144225 0.503904575 0.852144225 -0.154484516 -0.499984754 0.503904575 0.499984754 0.704340418
eps_voxels_136 -0.000316248 0.000437490 -0.000284066 0.000454226 -0.000192053 0.000184790
pos_voxels_137 0.010000000 0.025000000 0.000000000
U_voxels_137 0.141175066 -0.852144225 0.503904575 0.852144225 -0.154484516 -0.499984754 0.503904575 0.499984754 0.704340418
eps_voxels_137 -0.000404418 0.000486868 -0.000256145 0.000642722 -0.000201208 0.000121703
pos_voxels_138 0.010000000 0.030000000 0.000000000
U_voxels_138 0.141175066 -0.852144225 0.503904575 0.852144225 -0.154484516 -0.499984754 0.503904575 0.499984754 0.704340418
eps_voxels_138 -0.000492587 0.000536245 -0.000228223 0.000831218 -0.000210364 0.000058616
pos_voxels_139 0.010000000 0.035000000 0.000000000
U_voxels_139 0.141175066 -0.852144225 0.503904575 0.852144225 -0.154484516 -0.499984754 0.503904575 0.499984754 0.704340418
eps_voxels_139 -0.000580756 0.000585623 -0.000200302 0.001019714 -0.000219519 -0.000004471
pos_voxels_140 0.010000000 0.040000000 0.000000000
U_voxels_140 0.141175066 -0.852144225 0.503904575 0.852144225 -0.154484516 -0.499984754 0.503904575 0.499984754 0.704340418
eps_voxels_140 -0.000668925 0.000635000 -0.000172380 0.001208210 -0.000228674 -0.000067558
pos_voxels_141 0.010000000 0.045000000 0.000000000
