
direc 'Sn'
stem 'Sn_ssch'
make_image 0
output  'merged.flt' 'delta.flt' 'delta.gve' '.par' '.ubi'
#output  'merged.flt' '.par' '.ubi'
structure_phase_0 '/home/axel/workspace/scanning-3dxrd-simulations/ModelScanning3DXRD/scripts/simul/Sn.cif'
y_size 0.0500
z_size 0.0500
dety_size 2048
detz_size 2048
distance 162.888383321
tilt_x -0.00260053595757
tilt_y -0.00366923010272
tilt_z 0.00463564130438
o11 1
o12 0
o21 0
o22 -1
noise 0
intensity_const 1
lorentz_apply 1
beampol_apply 0
peakshape 0
wavelength 0.21878
beamflux 1e-12
beampol_factor 1
beampol_direct 0
dety_center 998.798998
detz_center 1041.55049636
omega_start 0
omega_end 180
omega_step 1.0
omega_sign 1
theta_min 0
theta_max 8
wedge -0.0142439915706
#spatial '/home/axel/workspace/fable/ModelScanning3DXRD/scripts/simul/frelon4m.spline'

no_voxels 260
voxel_grain_map {0:0,1:0,2:0,3:0,4:0,5:0,6:0,7:0,8:0,9:0,10:0,11:0,12:0,13:0,14:0,15:0,16:0,17:0,18:0,19:0,20:0,21:0,22:0,23:0,24:0,25:0,26:0,27:0,28:0,29:0,30:0,31:0,32:0,33:0,34:0,35:0,36:0,37:0,38:0,39:0,40:0,41:0,42:0,43:0,44:0,45:0,46:0,47:0,48:0,49:0,50:0,51:0,52:0,53:0,54:0,55:0,56:0,57:0,58:0,59:0,60:0,61:0,62:0,63:0,64:0,65:0,66:0,67:0,68:0,69:0,70:0,71:0,72:0,73:0,74:0,75:0,76:0,77:0,78:0,79:0,80:0,81:0,82:0,83:0,84:0,85:0,86:0,87:0,88:0,89:0,90:0,91:0,92:0,93:0,94:0,95:0,96:0,97:0,98:0,99:0,100:0,101:0,102:0,103:0,104:0,105:0,106:0,107:0,108:0,109:0,110:0,111:0,112:0,113:0,114:0,115:0,116:0,117:0,118:0,119:0,120:0,121:0,122:0,123:0,124:0,125:0,126:0,127:0,128:0,129:0,130:0,131:0,132:0,133:0,134:0,135:0,136:0,137:0,138:0,139:0,140:0,141:0,142:0,143:0,144:0,145:0,146:0,147:0,148:0,149:0,150:0,151:0,152:0,153:0,154:0,155:0,156:0,157:0,158:0,159:0,160:0,161:0,162:0,163:0,164:0,165:0,166:0,167:0,168:0,169:0,170:0,171:0,172:0,173:0,174:0,175:0,176:0,177:0,178:0,179:0,180:0,181:0,182:0,183:0,184:0,185:0,186:0,187:0,188:0,189:0,190:0,191:0,192:0,193:0,194:0,195:0,196:0,197:0,198:0,199:0,200:0,201:0,202:0,203:0,204:0,205:0,206:0,207:0,208:0,209:0,210:0,211:0,212:0,213:0,214:0,215:0,216:0,217:0,218:0,219:0,220:0,221:0,222:0,223:0,224:0,225:0,226:0,227:0,228:0,229:0,230:0,231:0,232:0,233:0,234:0,235:0,236:0,237:0,238:0,239:0,240:0,241:0,242:0,243:0,244:0,245:0,246:0,247:0,248:0,249:0,250:0,251:0,252:0,253:0,254:0,255:0,256:0,257:0,258:0,259:0}
gen_size 1 -0.006203566 0.000000000 100.000000000
sample_xyz 0.110000000 0.110000000 0.015000000
beam_width 0.005000000
gen_U 0
pos_voxels_0 -0.050000000 0.010000000 0.000000000
U_voxels_0 0.144328684 -0.852994994 0.501566319 0.852994994 -0.149672958 -0.499997547 0.501566319 0.499997547 0.705998358
eps_voxels_0 -0.000072504 0.000672683 0.000769780 0.000751381 -0.001429187 -0.000912229
pos_voxels_1 -0.050000000 0.015000000 0.000000000
U_voxels_1 0.144328684 -0.852994994 0.501566319 0.852994994 -0.149672958 -0.499997547 0.501566319 0.499997547 0.705998358
eps_voxels_1 -0.000161090 0.000720881 0.000797861 0.000940315 -0.001437495 -0.000975338
pos_voxels_2 -0.050000000 0.020000000 0.000000000
U_voxels_2 0.144328684 -0.852994994 0.501566319 0.852994994 -0.149672958 -0.499997547 0.501566319 0.499997547 0.705998358
eps_voxels_2 -0.000249675 0.000769079 0.000825943 0.001129250 -0.001445804 -0.001038447
pos_voxels_3 -0.045000000 0.010000000 0.000000000
U_voxels_3 0.144147351 -0.852946701 0.501700574 0.852946701 -0.149949380 -0.499997108 0.501700574 0.499997108 0.705903270
eps_voxels_3 -0.000077176 0.000639720 0.000681646 0.000695672 -0.001320533 -0.000814608
pos_voxels_4 -0.045000000 0.015000000 0.000000000
U_voxels_4 0.144147351 -0.852946701 0.501700574 0.852946701 -0.149949380 -0.499997108 0.501700574 0.499997108 0.705903270
eps_voxels_4 -0.000165738 0.000687986 0.000709718 0.000884582 -0.001328890 -0.000877716
pos_voxels_5 -0.045000000 0.020000000 0.000000000
U_voxels_5 0.144147351 -0.852946701 0.501700574 0.852946701 -0.149949380 -0.499997108 0.501700574 0.499997108 0.705903270
eps_voxels_5 -0.000254300 0.000736252 0.000737791 0.001073491 -0.001337247 -0.000940824
pos_voxels_6 -0.045000000 0.025000000 0.000000000
U_voxels_6 0.144147351 -0.852946701 0.501700574 0.852946701 -0.149949380 -0.499997108 0.501700574 0.499997108 0.705903270
eps_voxels_6 -0.000342862 0.000784518 0.000765864 0.001262401 -0.001345604 -0.001003931
pos_voxels_7 -0.045000000 0.030000000 0.000000000
U_voxels_7 0.144147351 -0.852946701 0.501700574 0.852946701 -0.149949380 -0.499997108 0.501700574 0.499997108 0.705903270
eps_voxels_7 -0.000431424 0.000832783 0.000793937 0.001451310 -0.001353961 -0.001067039
pos_voxels_8 -0.040000000 0.010000000 0.000000000
U_voxels_8 0.143966049 -0.852898341 0.501834829 0.852898341 -0.150225782 -0.499996633 0.501834829 0.499996633 0.705808169
eps_voxels_8 -0.000081888 0.000606712 0.000593578 0.000640064 -0.001211787 -0.000717048
pos_voxels_9 -0.040000000 0.015000000 0.000000000
U_voxels_9 0.143966049 -0.852898341 0.501834829 0.852898341 -0.150225782 -0.499996633 0.501834829 0.499996633 0.705808169
eps_voxels_9 -0.000170426 0.000655045 0.000621642 0.000828949 -0.001220193 -0.000780155
pos_voxels_10 -0.040000000 0.020000000 0.000000000
U_voxels_10 0.143966049 -0.852898341 0.501834829 0.852898341 -0.150225782 -0.499996633 0.501834829 0.499996633 0.705808169
eps_voxels_10 -0.000258965 0.000703379 0.000649706 0.001017834 -0.001228599 -0.000843261
pos_voxels_11 -0.040000000 0.025000000 0.000000000
U_voxels_11 0.143966049 -0.852898341 0.501834829 0.852898341 -0.150225782 -0.499996633 0.501834829 0.499996633 0.705808169
eps_voxels_11 -0.000347503 0.000751713 0.000677769 0.001206718 -0.001237005 -0.000906368
pos_voxels_12 -0.040000000 0.030000000 0.000000000
U_voxels_12 0.143966049 -0.852898341 0.501834829 0.852898341 -0.150225782 -0.499996633 0.501834829 0.499996633 0.705808169
eps_voxels_12 -0.000436041 0.000800046 0.000705833 0.001395603 -0.001245410 -0.000969475
pos_voxels_13 -0.040000000 0.035000000 0.000000000
U_voxels_13 0.143966049 -0.852898341 0.501834829 0.852898341 -0.150225782 -0.499996633 0.501834829 0.499996633 0.705808169
eps_voxels_13 -0.000524580 0.000848380 0.000733897 0.001584488 -0.001253816 -0.001032581
pos_voxels_14 -0.035000000 0.010000000 0.000000000
U_voxels_14 0.143784780 -0.852849914 0.501969084 0.852849914 -0.150502165 -0.499996123 0.501969084 0.499996123 0.705713055
eps_voxels_14 -0.000086641 0.000573658 0.000505577 0.000584557 -0.001102951 -0.000619549
pos_voxels_15 -0.035000000 0.015000000 0.000000000
U_voxels_15 0.143784780 -0.852849914 0.501969084 0.852849914 -0.150502165 -0.499996123 0.501969084 0.499996123 0.705713055
eps_voxels_15 -0.000175155 0.000622059 0.000533632 0.000773417 -0.001111405 -0.000682654
pos_voxels_16 -0.035000000 0.020000000 0.000000000
U_voxels_16 0.143784780 -0.852849914 0.501969084 0.852849914 -0.150502165 -0.499996123 0.501969084 0.499996123 0.705713055
eps_voxels_16 -0.000263670 0.000670460 0.000561686 0.000962277 -0.001119859 -0.000745760
pos_voxels_17 -0.035000000 0.025000000 0.000000000
U_voxels_17 0.143784780 -0.852849914 0.501969084 0.852849914 -0.150502165 -0.499996123 0.501969084 0.499996123 0.705713055
eps_voxels_17 -0.000352184 0.000718862 0.000589741 0.001151137 -0.001128314 -0.000808865
pos_voxels_18 -0.035000000 0.030000000 0.000000000
U_voxels_18 0.143784780 -0.852849914 0.501969084 0.852849914 -0.150502165 -0.499996123 0.501969084 0.499996123 0.705713055
eps_voxels_18 -0.000440699 0.000767263 0.000617796 0.001339997 -0.001136768 -0.000871971
pos_voxels_19 -0.035000000 0.035000000 0.000000000
U_voxels_19 0.143784780 -0.852849914 0.501969084 0.852849914 -0.150502165 -0.499996123 0.501969084 0.499996123 0.705713055
eps_voxels_19 -0.000529214 0.000815665 0.000645850 0.001528856 -0.001145222 -0.000935076
pos_voxels_20 -0.035000000 0.040000000 0.000000000
U_voxels_20 0.143784780 -0.852849914 0.501969084 0.852849914 -0.150502165 -0.499996123 0.501969084 0.499996123 0.705713055
eps_voxels_20 -0.000617728 0.000864066 0.000673905 0.001717716 -0.001153677 -0.000998182
pos_voxels_21 -0.030000000 0.005000000 0.000000000
U_voxels_21 0.143603543 -0.852801418 0.502103339 0.852801418 -0.150778529 -0.499995576 0.502103339 0.499995576 0.705617928
eps_voxels_21 -0.000002942 0.000492089 0.000389597 0.000340316 -0.000985519 -0.000459006
pos_voxels_22 -0.030000000 0.010000000 0.000000000
U_voxels_22 0.143603543 -0.852801418 0.502103339 0.852801418 -0.150778529 -0.499995576 0.502103339 0.499995576 0.705617928
eps_voxels_22 -0.000091433 0.000540558 0.000417642 0.000529151 -0.000994022 -0.000522111
pos_voxels_23 -0.030000000 0.015000000 0.000000000
U_voxels_23 0.143603543 -0.852801418 0.502103339 0.852801418 -0.150778529 -0.499995576 0.502103339 0.499995576 0.705617928
eps_voxels_23 -0.000179924 0.000589027 0.000445688 0.000717986 -0.001002525 -0.000585215
pos_voxels_24 -0.030000000 0.020000000 0.000000000
U_voxels_24 0.143603543 -0.852801418 0.502103339 0.852801418 -0.150778529 -0.499995576 0.502103339 0.499995576 0.705617928
eps_voxels_24 -0.000268415 0.000637497 0.000473733 0.000906821 -0.001011028 -0.000648319
pos_voxels_25 -0.030000000 0.025000000 0.000000000
U_voxels_25 0.143603543 -0.852801418 0.502103339 0.852801418 -0.150778529 -0.499995576 0.502103339 0.499995576 0.705617928
eps_voxels_25 -0.000356906 0.000685966 0.000501779 0.001095656 -0.001019531 -0.000711424
pos_voxels_26 -0.030000000 0.030000000 0.000000000
U_voxels_26 0.143603543 -0.852801418 0.502103339 0.852801418 -0.150778529 -0.499995576 0.502103339 0.499995576 0.705617928
eps_voxels_26 -0.000445397 0.000734435 0.000529825 0.001284491 -0.001028034 -0.000774528
pos_voxels_27 -0.030000000 0.035000000 0.000000000
U_voxels_27 0.143603543 -0.852801418 0.502103339 0.852801418 -0.150778529 -0.499995576 0.502103339 0.499995576 0.705617928
eps_voxels_27 -0.000533887 0.000782905 0.000557870 0.001473326 -0.001036537 -0.000837632
pos_voxels_28 -0.030000000 0.040000000 0.000000000
U_voxels_28 0.143603543 -0.852801418 0.502103339 0.852801418 -0.150778529 -0.499995576 0.502103339 0.499995576 0.705617928
eps_voxels_28 -0.000622378 0.000831374 0.000585916 0.001662161 -0.001045040 -0.000900736
pos_voxels_29 -0.030000000 0.045000000 0.000000000
U_voxels_29 0.143603543 -0.852801418 0.502103339 0.852801418 -0.150778529 -0.499995576 0.502103339 0.499995576 0.705617928
eps_voxels_29 -0.000710869 0.000879843 0.000613961 0.001850996 -0.001053543 -0.000963841
pos_voxels_30 -0.025000000 0.010000000 0.000000000
U_voxels_30 0.143422338 -0.852752855 0.502237594 0.852752855 -0.151054873 -0.499994993 0.502237594 0.499994993 0.705522789
eps_voxels_30 -0.000096266 0.000507413 0.000329774 0.000473847 -0.000885002 -0.000424733
pos_voxels_31 -0.025000000 0.015000000 0.000000000
U_voxels_31 0.143422338 -0.852752855 0.502237594 0.852752855 -0.151054873 -0.499994993 0.502237594 0.499994993 0.705522789
eps_voxels_31 -0.000184733 0.000555950 0.000357811 0.000662657 -0.000893554 -0.000487837
pos_voxels_32 -0.025000000 0.020000000 0.000000000
U_voxels_32 0.143422338 -0.852752855 0.502237594 0.852752855 -0.151054873 -0.499994993 0.502237594 0.499994993 0.705522789
eps_voxels_32 -0.000273200 0.000604487 0.000385847 0.000851467 -0.000902105 -0.000550940
pos_voxels_33 -0.025000000 0.025000000 0.000000000
U_voxels_33 0.143422338 -0.852752855 0.502237594 0.852752855 -0.151054873 -0.499994993 0.502237594 0.499994993 0.705522789
eps_voxels_33 -0.000361667 0.000653025 0.000413883 0.001040277 -0.000910657 -0.000614043
pos_voxels_34 -0.025000000 0.030000000 0.000000000
U_voxels_34 0.143422338 -0.852752855 0.502237594 0.852752855 -0.151054873 -0.499994993 0.502237594 0.499994993 0.705522789
eps_voxels_34 -0.000450134 0.000701562 0.000441920 0.001229087 -0.000919209 -0.000677146
pos_voxels_35 -0.025000000 0.035000000 0.000000000
U_voxels_35 0.143422338 -0.852752855 0.502237594 0.852752855 -0.151054873 -0.499994993 0.502237594 0.499994993 0.705522789
eps_voxels_35 -0.000538601 0.000750099 0.000469956 0.001417896 -0.000927760 -0.000740249
pos_voxels_36 -0.025000000 0.040000000 0.000000000
U_voxels_36 0.143422338 -0.852752855 0.502237594 0.852752855 -0.151054873 -0.499994993 0.502237594 0.499994993 0.705522789
eps_voxels_36 -0.000627068 0.000798636 0.000497993 0.001606706 -0.000936312 -0.000803352
pos_voxels_37 -0.025000000 0.045000000 0.000000000
U_voxels_37 0.143422338 -0.852752855 0.502237594 0.852752855 -0.151054873 -0.499994993 0.502237594 0.499994993 0.705522789
eps_voxels_37 -0.000715535 0.000847173 0.000526029 0.001795516 -0.000944863 -0.000866455
pos_voxels_38 -0.020000000 0.010000000 0.000000000
U_voxels_38 0.143241165 -0.852704224 0.502371849 0.852704224 -0.151331198 -0.499994374 0.502371849 0.499994374 0.705427637
eps_voxels_38 -0.000101139 0.000474223 0.000241972 0.000418643 -0.000775891 -0.000327417
pos_voxels_39 -0.020000000 0.015000000 0.000000000
U_voxels_39 0.143241165 -0.852704224 0.502371849 0.852704224 -0.151331198 -0.499994374 0.502371849 0.499994374 0.705427637
eps_voxels_39 -0.000189582 0.000522828 0.000270000 0.000607428 -0.000784491 -0.000390519
pos_voxels_40 -0.020000000 0.020000000 0.000000000
U_voxels_40 0.143241165 -0.852704224 0.502371849 0.852704224 -0.151331198 -0.499994374 0.502371849 0.499994374 0.705427637
eps_voxels_40 -0.000278026 0.000571433 0.000298027 0.000796213 -0.000793091 -0.000453621
pos_voxels_41 -0.020000000 0.025000000 0.000000000
U_voxels_41 0.143241165 -0.852704224 0.502371849 0.852704224 -0.151331198 -0.499994374 0.502371849 0.499994374 0.705427637
eps_voxels_41 -0.000366469 0.000620038 0.000326054 0.000984998 -0.000801692 -0.000516723
pos_voxels_42 -0.020000000 0.030000000 0.000000000
U_voxels_42 0.143241165 -0.852704224 0.502371849 0.852704224 -0.151331198 -0.499994374 0.502371849 0.499994374 0.705427637
eps_voxels_42 -0.000454912 0.000668643 0.000354082 0.001173783 -0.000810292 -0.000579825
pos_voxels_43 -0.020000000 0.035000000 0.000000000
U_voxels_43 0.143241165 -0.852704224 0.502371849 0.852704224 -0.151331198 -0.499994374 0.502371849 0.499994374 0.705427637
eps_voxels_43 -0.000543355 0.000717248 0.000382109 0.001362568 -0.000818892 -0.000642927
pos_voxels_44 -0.020000000 0.040000000 0.000000000
U_voxels_44 0.143241165 -0.852704224 0.502371849 0.852704224 -0.151331198 -0.499994374 0.502371849 0.499994374 0.705427637
eps_voxels_44 -0.000631799 0.000765853 0.000410136 0.001551353 -0.000827492 -0.000706028
pos_voxels_45 -0.020000000 0.045000000 0.000000000
U_voxels_45 0.143241165 -0.852704224 0.502371849 0.852704224 -0.151331198 -0.499994374 0.502371849 0.499994374 0.705427637
eps_voxels_45 -0.000720242 0.000814457 0.000438164 0.001740138 -0.000836093 -0.000769130
pos_voxels_46 -0.020000000 0.050000000 0.000000000
U_voxels_46 0.143241165 -0.852704224 0.502371849 0.852704224 -0.151331198 -0.499994374 0.502371849 0.499994374 0.705427637
eps_voxels_46 -0.000808685 0.000863062 0.000466191 0.001928923 -0.000844693 -0.000832232
pos_voxels_47 -0.015000000 0.005000000 0.000000000
U_voxels_47 0.143060024 -0.852655526 0.502506103 0.852655526 -0.151607503 -0.499993719 0.502506103 0.499993719 0.705332472
eps_voxels_47 -0.000017633 0.000392315 0.000126219 0.000174782 -0.000658040 -0.000167061
pos_voxels_48 -0.015000000 0.010000000 0.000000000
U_voxels_48 0.143060024 -0.852655526 0.502506103 0.852655526 -0.151607503 -0.499993719 0.502506103 0.499993719 0.705332472
eps_voxels_48 -0.000106053 0.000440988 0.000154237 0.000363541 -0.000666688 -0.000230162
pos_voxels_49 -0.015000000 0.015000000 0.000000000
U_voxels_49 0.143060024 -0.852655526 0.502506103 0.852655526 -0.151607503 -0.499993719 0.502506103 0.499993719 0.705332472
eps_voxels_49 -0.000194472 0.000489661 0.000182255 0.000552301 -0.000675337 -0.000293263
pos_voxels_50 -0.015000000 0.020000000 0.000000000
U_voxels_50 0.143060024 -0.852655526 0.502506103 0.852655526 -0.151607503 -0.499993719 0.502506103 0.499993719 0.705332472
eps_voxels_50 -0.000282892 0.000538333 0.000210274 0.000741061 -0.000683986 -0.000356363
pos_voxels_51 -0.015000000 0.025000000 0.000000000
U_voxels_51 0.143060024 -0.852655526 0.502506103 0.852655526 -0.151607503 -0.499993719 0.502506103 0.499993719 0.705332472
eps_voxels_51 -0.000371311 0.000587006 0.000238292 0.000929821 -0.000692635 -0.000419464
pos_voxels_52 -0.015000000 0.030000000 0.000000000
U_voxels_52 0.143060024 -0.852655526 0.502506103 0.852655526 -0.151607503 -0.499993719 0.502506103 0.499993719 0.705332472
eps_voxels_52 -0.000459730 0.000635679 0.000266310 0.001118581 -0.000701284 -0.000482565
pos_voxels_53 -0.015000000 0.035000000 0.000000000
U_voxels_53 0.143060024 -0.852655526 0.502506103 0.852655526 -0.151607503 -0.499993719 0.502506103 0.499993719 0.705332472
eps_voxels_53 -0.000548150 0.000684351 0.000294328 0.001307341 -0.000709933 -0.000545665
pos_voxels_54 -0.015000000 0.040000000 0.000000000
U_voxels_54 0.143060024 -0.852655526 0.502506103 0.852655526 -0.151607503 -0.499993719 0.502506103 0.499993719 0.705332472
eps_voxels_54 -0.000636569 0.000733024 0.000322346 0.001496101 -0.000718582 -0.000608766
pos_voxels_55 -0.015000000 0.045000000 0.000000000
U_voxels_55 0.143060024 -0.852655526 0.502506103 0.852655526 -0.151607503 -0.499993719 0.502506103 0.499993719 0.705332472
eps_voxels_55 -0.000724989 0.000781697 0.000350364 0.001684860 -0.000727230 -0.000671867
pos_voxels_56 -0.015000000 0.050000000 0.000000000
U_voxels_56 0.143060024 -0.852655526 0.502506103 0.852655526 -0.151607503 -0.499993719 0.502506103 0.499993719 0.705332472
eps_voxels_56 -0.000813408 0.000830369 0.000378383 0.001873620 -0.000735879 -0.000734967
pos_voxels_57 -0.010000000 0.005000000 0.000000000
U_voxels_57 0.142878916 -0.852606759 0.502640358 0.852606759 -0.151883789 -0.499993028 0.502640358 0.499993028 0.705237295
eps_voxels_57 -0.000022611 0.000358967 0.000038560 0.000119806 -0.000548697 -0.000069868
pos_voxels_58 -0.010000000 0.010000000 0.000000000
U_voxels_58 0.142878916 -0.852606759 0.502640358 0.852606759 -0.151883789 -0.499993028 0.502640358 0.499993028 0.705237295
eps_voxels_58 -0.000111007 0.000407708 0.000066569 0.000308541 -0.000557395 -0.000132968
pos_voxels_59 -0.010000000 0.015000000 0.000000000
U_voxels_59 0.142878916 -0.852606759 0.502640358 0.852606759 -0.151883789 -0.499993028 0.502640358 0.499993028 0.705237295
eps_voxels_59 -0.000199402 0.000456448 0.000094578 0.000497276 -0.000566092 -0.000196067
pos_voxels_60 -0.010000000 0.020000000 0.000000000
U_voxels_60 0.142878916 -0.852606759 0.502640358 0.852606759 -0.151883789 -0.499993028 0.502640358 0.499993028 0.705237295
eps_voxels_60 -0.000287798 0.000505189 0.000122587 0.000686010 -0.000574790 -0.000259167
pos_voxels_61 -0.010000000 0.025000000 0.000000000
U_voxels_61 0.142878916 -0.852606759 0.502640358 0.852606759 -0.151883789 -0.499993028 0.502640358 0.499993028 0.705237295
eps_voxels_61 -0.000376193 0.000553929 0.000150596 0.000874745 -0.000583487 -0.000322266
pos_voxels_62 -0.010000000 0.030000000 0.000000000
U_voxels_62 0.142878916 -0.852606759 0.502640358 0.852606759 -0.151883789 -0.499993028 0.502640358 0.499993028 0.705237295
eps_voxels_62 -0.000464589 0.000602669 0.000178605 0.001063480 -0.000592185 -0.000385365
pos_voxels_63 -0.010000000 0.035000000 0.000000000
U_voxels_63 0.142878916 -0.852606759 0.502640358 0.852606759 -0.151883789 -0.499993028 0.502640358 0.499993028 0.705237295
eps_voxels_63 -0.000552984 0.000651410 0.000206614 0.001252215 -0.000600882 -0.000448465
pos_voxels_64 -0.010000000 0.040000000 0.000000000
U_voxels_64 0.142878916 -0.852606759 0.502640358 0.852606759 -0.151883789 -0.499993028 0.502640358 0.499993028 0.705237295
eps_voxels_64 -0.000641380 0.000700150 0.000234623 0.001440949 -0.000609579 -0.000511564
pos_voxels_65 -0.010000000 0.045000000 0.000000000
U_voxels_65 0.142878916 -0.852606759 0.502640358 0.852606759 -0.151883789 -0.499993028 0.502640358 0.499993028 0.705237295
eps_voxels_65 -0.000729775 0.000748891 0.000262632 0.001629684 -0.000618277 -0.000574664
pos_voxels_66 -0.010000000 0.050000000 0.000000000
U_voxels_66 0.142878916 -0.852606759 0.502640358 0.852606759 -0.151883789 -0.499993028 0.502640358 0.499993028 0.705237295
eps_voxels_66 -0.000818171 0.000797631 0.000290641 0.001818419 -0.000626974 -0.000637763
pos_voxels_67 -0.005000000 0.000000000 0.000000000
U_voxels_67 0.142697840 -0.852557925 0.502774612 0.852557925 -0.152160055 -0.499992301 0.502774612 0.499992301 0.705142105
eps_voxels_67 0.000060742 0.000276766 -0.000077033 -0.000123777 -0.000430517 0.000090362
pos_voxels_68 -0.005000000 0.005000000 0.000000000
U_voxels_68 0.142697840 -0.852557925 0.502774612 0.852557925 -0.152160055 -0.499992301 0.502774612 0.499992301 0.705142105
eps_voxels_68 -0.000027629 0.000325574 -0.000049033 0.000064932 -0.000439264 0.000027264
pos_voxels_69 -0.005000000 0.010000000 0.000000000
U_voxels_69 0.142697840 -0.852557925 0.502774612 0.852557925 -0.152160055 -0.499992301 0.502774612 0.499992301 0.705142105
eps_voxels_69 -0.000116001 0.000374382 -0.000021033 0.000253642 -0.000448010 -0.000035835
pos_voxels_70 -0.005000000 0.015000000 0.000000000
U_voxels_70 0.142697840 -0.852557925 0.502774612 0.852557925 -0.152160055 -0.499992301 0.502774612 0.499992301 0.705142105
eps_voxels_70 -0.000204372 0.000423191 0.000006967 0.000442351 -0.000456756 -0.000098933
pos_voxels_71 -0.005000000 0.020000000 0.000000000
U_voxels_71 0.142697840 -0.852557925 0.502774612 0.852557925 -0.152160055 -0.499992301 0.502774612 0.499992301 0.705142105
eps_voxels_71 -0.000292744 0.000471999 0.000034966 0.000631061 -0.000465502 -0.000162031
pos_voxels_72 -0.005000000 0.025000000 0.000000000
U_voxels_72 0.142697840 -0.852557925 0.502774612 0.852557925 -0.152160055 -0.499992301 0.502774612 0.499992301 0.705142105
eps_voxels_72 -0.000381116 0.000520807 0.000062966 0.000819770 -0.000474248 -0.000225129
pos_voxels_73 -0.005000000 0.030000000 0.000000000
U_voxels_73 0.142697840 -0.852557925 0.502774612 0.852557925 -0.152160055 -0.499992301 0.502774612 0.499992301 0.705142105
eps_voxels_73 -0.000469487 0.000569615 0.000090966 0.001008480 -0.000482994 -0.000288227
pos_voxels_74 -0.005000000 0.035000000 0.000000000
U_voxels_74 0.142697840 -0.852557925 0.502774612 0.852557925 -0.152160055 -0.499992301 0.502774612 0.499992301 0.705142105
eps_voxels_74 -0.000557859 0.000618423 0.000118966 0.001197190 -0.000491740 -0.000351325
pos_voxels_75 -0.005000000 0.040000000 0.000000000
U_voxels_75 0.142697840 -0.852557925 0.502774612 0.852557925 -0.152160055 -0.499992301 0.502774612 0.499992301 0.705142105
eps_voxels_75 -0.000646230 0.000667231 0.000146966 0.001385899 -0.000500486 -0.000414424
pos_voxels_76 -0.005000000 0.045000000 0.000000000
U_voxels_76 0.142697840 -0.852557925 0.502774612 0.852557925 -0.152160055 -0.499992301 0.502774612 0.499992301 0.705142105
eps_voxels_76 -0.000734602 0.000716039 0.000174965 0.001574609 -0.000509232 -0.000477522
pos_voxels_77 -0.005000000 0.050000000 0.000000000
U_voxels_77 0.142697840 -0.852557925 0.502774612 0.852557925 -0.152160055 -0.499992301 0.502774612 0.499992301 0.705142105
eps_voxels_77 -0.000822974 0.000764848 0.000202965 0.001763318 -0.000517978 -0.000540620
pos_voxels_78 0.000000000 -0.005000000 0.000000000
U_voxels_78 0.142516796 -0.852509024 0.502908866 0.852509024 -0.152436301 -0.499991538 0.502908866 0.499991538 0.705046902
eps_voxels_78 0.000144008 0.000194385 -0.000192540 -0.000367209 -0.000312149 0.000250528
pos_voxels_79 0.000000000 0.000000000 0.000000000
U_voxels_79 0.142516796 -0.852509024 0.502908866 0.852509024 -0.152436301 -0.499991538 0.502908866 0.499991538 0.705046902
eps_voxels_79 0.000055660 0.000243261 -0.000164550 -0.000178524 -0.000320944 0.000187431
pos_voxels_80 0.000000000 0.005000000 0.000000000
U_voxels_80 0.142516796 -0.852509024 0.502908866 0.852509024 -0.152436301 -0.499991538 0.502908866 0.499991538 0.705046902
eps_voxels_80 -0.000032688 0.000292136 -0.000136559 0.000010160 -0.000329739 0.000124334
pos_voxels_81 0.000000000 0.010000000 0.000000000
U_voxels_81 0.142516796 -0.852509024 0.502908866 0.852509024 -0.152436301 -0.499991538 0.502908866 0.499991538 0.705046902
eps_voxels_81 -0.000121035 0.000341012 -0.000108568 0.000198844 -0.000338533 0.000061237
pos_voxels_82 0.000000000 0.015000000 0.000000000
U_voxels_82 0.142516796 -0.852509024 0.502908866 0.852509024 -0.152436301 -0.499991538 0.502908866 0.499991538 0.705046902
eps_voxels_82 -0.000209383 0.000389888 -0.000080578 0.000387529 -0.000347328 -0.000001860
pos_voxels_83 0.000000000 0.020000000 0.000000000
U_voxels_83 0.142516796 -0.852509024 0.502908866 0.852509024 -0.152436301 -0.499991538 0.502908866 0.499991538 0.705046902
eps_voxels_83 -0.000297731 0.000438764 -0.000052587 0.000576213 -0.000356123 -0.000064957
pos_voxels_84 0.000000000 0.025000000 0.000000000
U_voxels_84 0.142516796 -0.852509024 0.502908866 0.852509024 -0.152436301 -0.499991538 0.502908866 0.499991538 0.705046902
eps_voxels_84 -0.000386078 0.000487640 -0.000024597 0.000764897 -0.000364918 -0.000128053
pos_voxels_85 0.000000000 0.030000000 0.000000000
U_voxels_85 0.142516796 -0.852509024 0.502908866 0.852509024 -0.152436301 -0.499991538 0.502908866 0.499991538 0.705046902
eps_voxels_85 -0.000474426 0.000536516 0.000003394 0.000953582 -0.000373712 -0.000191150
pos_voxels_86 0.000000000 0.035000000 0.000000000
U_voxels_86 0.142516796 -0.852509024 0.502908866 0.852509024 -0.152436301 -0.499991538 0.502908866 0.499991538 0.705046902
eps_voxels_86 -0.000562774 0.000585392 0.000031384 0.001142266 -0.000382507 -0.000254247
pos_voxels_87 0.000000000 0.040000000 0.000000000
U_voxels_87 0.142516796 -0.852509024 0.502908866 0.852509024 -0.152436301 -0.499991538 0.502908866 0.499991538 0.705046902
eps_voxels_87 -0.000651121 0.000634267 0.000059375 0.001330950 -0.000391302 -0.000317344
pos_voxels_88 0.000000000 0.045000000 0.000000000
U_voxels_88 0.142516796 -0.852509024 0.502908866 0.852509024 -0.152436301 -0.499991538 0.502908866 0.499991538 0.705046902
eps_voxels_88 -0.000739469 0.000683143 0.000087366 0.001519635 -0.000400096 -0.000380441
pos_voxels_89 0.000000000 0.050000000 0.000000000
U_voxels_89 0.142516796 -0.852509024 0.502908866 0.852509024 -0.152436301 -0.499991538 0.502908866 0.499991538 0.705046902
eps_voxels_89 -0.000827817 0.000732019 0.000115356 0.001708319 -0.000408891 -0.000443538
pos_voxels_90 0.005000000 -0.030000000 0.000000000
U_voxels_90 0.142335785 -0.852460054 0.503043119 0.852460054 -0.152712528 -0.499990739 0.503043119 0.499990739 0.704951687
eps_voxels_90 0.000580479 -0.000083951 -0.000419887 -0.001365125 -0.000158220 0.000663013
pos_voxels_91 0.005000000 -0.015000000 0.000000000
U_voxels_91 0.142335785 -0.852460054 0.503043119 0.852460054 -0.152712528 -0.499990739 0.503043119 0.499990739 0.704951687
eps_voxels_91 0.000315508 0.000062879 -0.000335944 -0.000799147 -0.000184750 0.000473726
pos_voxels_92 0.005000000 -0.010000000 0.000000000
U_voxels_92 0.142335785 -0.852460054 0.503043119 0.852460054 -0.152712528 -0.499990739 0.503043119 0.499990739 0.704951687
eps_voxels_92 0.000227184 0.000111823 -0.000307962 -0.000610488 -0.000193593 0.000410630
pos_voxels_93 0.005000000 -0.005000000 0.000000000
U_voxels_93 0.142335785 -0.852460054 0.503043119 0.852460054 -0.152712528 -0.499990739 0.503043119 0.499990739 0.704951687
eps_voxels_93 0.000138861 0.000160766 -0.000279981 -0.000421829 -0.000202436 0.000347535
pos_voxels_94 0.005000000 0.000000000 0.000000000
U_voxels_94 0.142335785 -0.852460054 0.503043119 0.852460054 -0.152712528 -0.499990739 0.503043119 0.499990739 0.704951687
eps_voxels_94 0.000050537 0.000209710 -0.000252000 -0.000233170 -0.000211280 0.000284439
pos_voxels_95 0.005000000 0.005000000 0.000000000
U_voxels_95 0.142335785 -0.852460054 0.503043119 0.852460054 -0.152712528 -0.499990739 0.503043119 0.499990739 0.704951687
eps_voxels_95 -0.000037787 0.000258654 -0.000224018 -0.000044511 -0.000220123 0.000221344
pos_voxels_96 0.005000000 0.010000000 0.000000000
U_voxels_96 0.142335785 -0.852460054 0.503043119 0.852460054 -0.152712528 -0.499990739 0.503043119 0.499990739 0.704951687
eps_voxels_96 -0.000126110 0.000307597 -0.000196037 0.000144148 -0.000228966 0.000158248
pos_voxels_97 0.005000000 0.015000000 0.000000000
U_voxels_97 0.142335785 -0.852460054 0.503043119 0.852460054 -0.152712528 -0.499990739 0.503043119 0.499990739 0.704951687
eps_voxels_97 -0.000214434 0.000356541 -0.000168056 0.000332808 -0.000237810 0.000095152
pos_voxels_98 0.005000000 0.020000000 0.000000000
U_voxels_98 0.142335785 -0.852460054 0.503043119 0.852460054 -0.152712528 -0.499990739 0.503043119 0.499990739 0.704951687
eps_voxels_98 -0.000302758 0.000405484 -0.000140074 0.000521467 -0.000246653 0.000032057
pos_voxels_99 0.005000000 0.025000000 0.000000000
U_voxels_99 0.142335785 -0.852460054 0.503043119 0.852460054 -0.152712528 -0.499990739 0.503043119 0.499990739 0.704951687
eps_voxels_99 -0.000391082 0.000454428 -0.000112093 0.000710126 -0.000255496 -0.000031039
pos_voxels_100 0.005000000 0.030000000 0.000000000
U_voxels_100 0.142335785 -0.852460054 0.503043119 0.852460054 -0.152712528 -0.499990739 0.503043119 0.499990739 0.704951687
eps_voxels_100 -0.000479405 0.000503371 -0.000084112 0.000898785 -0.000264340 -0.000094135
pos_voxels_101 0.005000000 0.035000000 0.000000000
U_voxels_101 0.142335785 -0.852460054 0.503043119 0.852460054 -0.152712528 -0.499990739 0.503043119 0.499990739 0.704951687
eps_voxels_101 -0.000567729 0.000552315 -0.000056130 0.001087444 -0.000273183 -0.000157230
pos_voxels_102 0.005000000 0.040000000 0.000000000
U_voxels_102 0.142335785 -0.852460054 0.503043119 0.852460054 -0.152712528 -0.499990739 0.503043119 0.499990739 0.704951687
eps_voxels_102 -0.000656053 0.000601258 -0.000028149 0.001276103 -0.000282026 -0.000220326
pos_voxels_103 0.005000000 0.045000000 0.000000000
U_voxels_103 0.142335785 -0.852460054 0.503043119 0.852460054 -0.152712528 -0.499990739 0.503043119 0.499990739 0.704951687
eps_voxels_103 -0.000744376 0.000650202 -0.000000168 0.001464762 -0.000290870 -0.000283421
pos_voxels_104 0.005000000 0.050000000 0.000000000
U_voxels_104 0.142335785 -0.852460054 0.503043119 0.852460054 -0.152712528 -0.499990739 0.503043119 0.499990739 0.704951687
eps_voxels_104 -0.000832700 0.000699146 0.000027814 0.001653421 -0.000299713 -0.000346517
pos_voxels_105 0.010000000 -0.050000000 0.000000000
U_voxels_105 0.142154806 -0.852411017 0.503177373 0.852411017 -0.152988735 -0.499989904 0.503177373 0.499989904 0.704856459
eps_voxels_105 0.000928371 -0.000313998 -0.000619103 -0.002174052 -0.000012605 0.001012329
pos_voxels_106 0.010000000 -0.045000000 0.000000000
U_voxels_106 0.142154806 -0.852411017 0.503177373 0.852411017 -0.152988735 -0.499989904 0.503177373 0.499989904 0.704856459
eps_voxels_106 0.000840071 -0.000264987 -0.000591131 -0.001985418 -0.000021497 0.000949235
pos_voxels_107 0.010000000 -0.040000000 0.000000000
U_voxels_107 0.142154806 -0.852411017 0.503177373 0.852411017 -0.152988735 -0.499989904 0.503177373 0.499989904 0.704856459
eps_voxels_107 0.000751771 -0.000215975 -0.000563159 -0.001796784 -0.000030389 0.000886140
pos_voxels_108 0.010000000 -0.035000000 0.000000000
U_voxels_108 0.142154806 -0.852411017 0.503177373 0.852411017 -0.152988735 -0.499989904 0.503177373 0.499989904 0.704856459
eps_voxels_108 0.000663472 -0.000166964 -0.000535187 -0.001608150 -0.000039281 0.000823046
pos_voxels_109 0.010000000 -0.030000000 0.000000000
U_voxels_109 0.142154806 -0.852411017 0.503177373 0.852411017 -0.152988735 -0.499989904 0.503177373 0.499989904 0.704856459
eps_voxels_109 0.000575172 -0.000117953 -0.000507215 -0.001419516 -0.000048173 0.000759952
pos_voxels_110 0.010000000 -0.025000000 0.000000000
U_voxels_110 0.142154806 -0.852411017 0.503177373 0.852411017 -0.152988735 -0.499989904 0.503177373 0.499989904 0.704856459
eps_voxels_110 0.000486872 -0.000068942 -0.000479243 -0.001230882 -0.000057065 0.000696857
pos_voxels_111 0.010000000 -0.020000000 0.000000000
U_voxels_111 0.142154806 -0.852411017 0.503177373 0.852411017 -0.152988735 -0.499989904 0.503177373 0.499989904 0.704856459
eps_voxels_111 0.000398572 -0.000019930 -0.000451271 -0.001042249 -0.000065957 0.000633763
pos_voxels_112 0.010000000 -0.015000000 0.000000000
U_voxels_112 0.142154806 -0.852411017 0.503177373 0.852411017 -0.152988735 -0.499989904 0.503177373 0.499989904 0.704856459
eps_voxels_112 0.000310273 0.000029081 -0.000423299 -0.000853615 -0.000074848 0.000570669
pos_voxels_113 0.010000000 -0.010000000 0.000000000
U_voxels_113 0.142154806 -0.852411017 0.503177373 0.852411017 -0.152988735 -0.499989904 0.503177373 0.499989904 0.704856459
eps_voxels_113 0.000221973 0.000078092 -0.000395327 -0.000664981 -0.000083740 0.000507575
pos_voxels_114 0.010000000 -0.005000000 0.000000000
U_voxels_114 0.142154806 -0.852411017 0.503177373 0.852411017 -0.152988735 -0.499989904 0.503177373 0.499989904 0.704856459
eps_voxels_114 0.000133673 0.000127103 -0.000367355 -0.000476347 -0.000092632 0.000444480
pos_voxels_115 0.010000000 0.000000000 0.000000000
U_voxels_115 0.142154806 -0.852411017 0.503177373 0.852411017 -0.152988735 -0.499989904 0.503177373 0.499989904 0.704856459
eps_voxels_115 0.000045374 0.000176115 -0.000339383 -0.000287713 -0.000101524 0.000381386
pos_voxels_116 0.010000000 0.005000000 0.000000000
U_voxels_116 0.142154806 -0.852411017 0.503177373 0.852411017 -0.152988735 -0.499989904 0.503177373 0.499989904 0.704856459
eps_voxels_116 -0.000042926 0.000225126 -0.000311411 -0.000099079 -0.000110416 0.000318292
pos_voxels_117 0.010000000 0.010000000 0.000000000
U_voxels_117 0.142154806 -0.852411017 0.503177373 0.852411017 -0.152988735 -0.499989904 0.503177373 0.499989904 0.704856459
eps_voxels_117 -0.000131226 0.000274137 -0.000283439 0.000089554 -0.000119308 0.000255197
pos_voxels_118 0.010000000 0.015000000 0.000000000
U_voxels_118 0.142154806 -0.852411017 0.503177373 0.852411017 -0.152988735 -0.499989904 0.503177373 0.499989904 0.704856459
eps_voxels_118 -0.000219526 0.000323148 -0.000255467 0.000278188 -0.000128200 0.000192103
pos_voxels_119 0.010000000 0.020000000 0.000000000
U_voxels_119 0.142154806 -0.852411017 0.503177373 0.852411017 -0.152988735 -0.499989904 0.503177373 0.499989904 0.704856459
eps_voxels_119 -0.000307825 0.000372160 -0.000227495 0.000466822 -0.000137092 0.000129009
pos_voxels_120 0.010000000 0.025000000 0.000000000
U_voxels_120 0.142154806 -0.852411017 0.503177373 0.852411017 -0.152988735 -0.499989904 0.503177373 0.499989904 0.704856459
eps_voxels_120 -0.000396125 0.000421171 -0.000199522 0.000655456 -0.000145984 0.000065914
pos_voxels_121 0.010000000 0.030000000 0.000000000
U_voxels_121 0.142154806 -0.852411017 0.503177373 0.852411017 -0.152988735 -0.499989904 0.503177373 0.499989904 0.704856459
eps_voxels_121 -0.000484425 0.000470182 -0.000171550 0.000844090 -0.000154876 0.000002820
pos_voxels_122 0.010000000 0.035000000 0.000000000
U_voxels_122 0.142154806 -0.852411017 0.503177373 0.852411017 -0.152988735 -0.499989904 0.503177373 0.499989904 0.704856459
eps_voxels_122 -0.000572725 0.000519193 -0.000143578 0.001032723 -0.000163768 -0.000060274
pos_voxels_123 0.010000000 0.040000000 0.000000000
U_voxels_123 0.142154806 -0.852411017 0.503177373 0.852411017 -0.152988735 -0.499989904 0.503177373 0.499989904 0.704856459
eps_voxels_123 -0.000661024 0.000568205 -0.000115606 0.001221357 -0.000172660 -0.000123369
pos_voxels_124 0.010000000 0.045000000 0.000000000
U_voxels_124 0.142154806 -0.852411017 0.503177373 0.852411017 -0.152988735 -0.499989904 0.503177373 0.499989904 0.704856459
eps_voxels_124 -0.000749324 0.000617216 -0.000087634 0.001409991 -0.000181552 -0.000186463
pos_voxels_125 0.010000000 0.050000000 0.000000000
U_voxels_125 0.142154806 -0.852411017 0.503177373 0.852411017 -0.152988735 -0.499989904 0.503177373 0.499989904 0.704856459
eps_voxels_125 -0.000837624 0.000666227 -0.000059662 0.001598625 -0.000190443 -0.000249557
pos_voxels_126 0.015000000 -0.050000000 0.000000000
U_voxels_126 0.141973859 -0.852361913 0.503311626 0.852361913 -0.153264923 -0.499989033 0.503311626 0.499989033 0.704761218
eps_voxels_126 0.000922927 -0.000348314 -0.000706327 -0.002228240 0.000097727 0.001109201
pos_voxels_127 0.015000000 -0.045000000 0.000000000
U_voxels_127 0.141973859 -0.852361913 0.503311626 0.852361913 -0.153264923 -0.499989033 0.503311626 0.499989033 0.704761218
eps_voxels_127 0.000834651 -0.000299235 -0.000678364 -0.002039631 0.000088787 0.001046108
pos_voxels_128 0.015000000 -0.040000000 0.000000000
U_voxels_128 0.141973859 -0.852361913 0.503311626 0.852361913 -0.153264923 -0.499989033 0.503311626 0.499989033 0.704761218
eps_voxels_128 0.000746375 -0.000250157 -0.000650401 -0.001851023 0.000079846 0.000983015
pos_voxels_129 0.015000000 -0.035000000 0.000000000
U_voxels_129 0.141973859 -0.852361913 0.503311626 0.852361913 -0.153264923 -0.499989033 0.503311626 0.499989033 0.704761218
eps_voxels_129 0.000658099 -0.000201078 -0.000622439 -0.001662414 0.000070906 0.000919922
pos_voxels_130 0.015000000 -0.030000000 0.000000000
U_voxels_130 0.141973859 -0.852361913 0.503311626 0.852361913 -0.153264923 -0.499989033 0.503311626 0.499989033 0.704761218
eps_voxels_130 0.000569824 -0.000151999 -0.000594476 -0.001473806 0.000061965 0.000856829
pos_voxels_131 0.015000000 -0.025000000 0.000000000
U_voxels_131 0.141973859 -0.852361913 0.503311626 0.852361913 -0.153264923 -0.499989033 0.503311626 0.499989033 0.704761218
eps_voxels_131 0.000481548 -0.000102920 -0.000566513 -0.001285197 0.000053025 0.000793736
pos_voxels_132 0.015000000 -0.020000000 0.000000000
U_voxels_132 0.141973859 -0.852361913 0.503311626 0.852361913 -0.153264923 -0.499989033 0.503311626 0.499989033 0.704761218
eps_voxels_132 0.000393272 -0.000053841 -0.000538550 -0.001096589 0.000044084 0.000730643
pos_voxels_133 0.015000000 -0.015000000 0.000000000
U_voxels_133 0.141973859 -0.852361913 0.503311626 0.852361913 -0.153264923 -0.499989033 0.503311626 0.499989033 0.704761218
eps_voxels_133 0.000304997 -0.000004762 -0.000510587 -0.000907980 0.000035144 0.000667550
pos_voxels_134 0.015000000 -0.010000000 0.000000000
U_voxels_134 0.141973859 -0.852361913 0.503311626 0.852361913 -0.153264923 -0.499989033 0.503311626 0.499989033 0.704761218
eps_voxels_134 0.000216721 0.000044317 -0.000482625 -0.000719372 0.000026203 0.000604457
pos_voxels_135 0.015000000 -0.005000000 0.000000000
U_voxels_135 0.141973859 -0.852361913 0.503311626 0.852361913 -0.153264923 -0.499989033 0.503311626 0.499989033 0.704761218
eps_voxels_135 0.000128445 0.000093396 -0.000454662 -0.000530763 0.000017263 0.000541364
pos_voxels_136 0.015000000 0.000000000 0.000000000
U_voxels_136 0.141973859 -0.852361913 0.503311626 0.852361913 -0.153264923 -0.499989033 0.503311626 0.499989033 0.704761218
eps_voxels_136 0.000040170 0.000142475 -0.000426699 -0.000342155 0.000008322 0.000478271
pos_voxels_137 0.015000000 0.005000000 0.000000000
U_voxels_137 0.141973859 -0.852361913 0.503311626 0.852361913 -0.153264923 -0.499989033 0.503311626 0.499989033 0.704761218
eps_voxels_137 -0.000048106 0.000191554 -0.000398736 -0.000153546 -0.000000618 0.000415178
pos_voxels_138 0.015000000 0.010000000 0.000000000
U_voxels_138 0.141973859 -0.852361913 0.503311626 0.852361913 -0.153264923 -0.499989033 0.503311626 0.499989033 0.704761218
eps_voxels_138 -0.000136382 0.000240633 -0.000370774 0.000035062 -0.000009559 0.000352085
pos_voxels_139 0.015000000 0.015000000 0.000000000
U_voxels_139 0.141973859 -0.852361913 0.503311626 0.852361913 -0.153264923 -0.499989033 0.503311626 0.499989033 0.704761218
eps_voxels_139 -0.000224658 0.000289711 -0.000342811 0.000223670 -0.000018499 0.000288992
pos_voxels_140 0.015000000 0.020000000 0.000000000
U_voxels_140 0.141973859 -0.852361913 0.503311626 0.852361913 -0.153264923 -0.499989033 0.503311626 0.499989033 0.704761218
eps_voxels_140 -0.000312933 0.000338790 -0.000314848 0.000412279 -0.000027440 0.000225899
pos_voxels_141 0.015000000 0.025000000 0.000000000
U_voxels_141 0.141973859 -0.852361913 0.503311626 0.852361913 -0.153264923 -0.499989033 0.503311626 0.499989033 0.704761218
eps_voxels_141 -0.000401209 0.000387869 -0.000286885 0.000600887 -0.000036380 0.000162806
pos_voxels_142 0.015000000 0.030000000 0.000000000
