
direc 'Sn'
stem 'Sn_ssch'
make_image 0
output  'merged.flt' 'delta.flt' 'delta.gve' '.par' '.ubi'
#output  'merged.flt' '.par' '.ubi'
structure_phase_0 '/home/axel/workspace/scanning-3dxrd-simulations/ModelScanning3DXRD/scripts/simul/Sn.cif'
y_size 0.0500
z_size 0.0500
dety_size 2048
detz_size 2048
distance 162.888383321
tilt_x -0.00260053595757
tilt_y -0.00366923010272
tilt_z 0.00463564130438
o11 1
o12 0
o21 0
o22 -1
noise 0
intensity_const 1
lorentz_apply 1
beampol_apply 0
peakshape 0
wavelength 0.21878
beamflux 1e-12
beampol_factor 1
beampol_direct 0
dety_center 998.798998
detz_center 1041.55049636
omega_start 0
omega_end 180
omega_step 1.0
omega_sign 1
theta_min 0
theta_max 8
wedge -0.0142439915706
#spatial '/home/axel/workspace/fable/ModelScanning3DXRD/scripts/simul/frelon4m.spline'

no_voxels 77
voxel_grain_map {0:0,1:0,2:0,3:0,4:0,5:0,6:0,7:0,8:0,9:0,10:0,11:0,12:0,13:0,14:0,15:0,16:0,17:0,18:0,19:0,20:0,21:0,22:0,23:0,24:0,25:0,26:0,27:0,28:0,29:0,30:0,31:0,32:0,33:0,34:0,35:0,36:0,37:0,38:0,39:0,40:0,41:0,42:0,43:0,44:0,45:0,46:0,47:0,48:0,49:0,50:0,51:0,52:0,53:0,54:0,55:0,56:0,57:0,58:0,59:0,60:0,61:0,62:0,63:0,64:0,65:0,66:0,67:0,68:0,69:0,70:0,71:0,72:0,73:0,74:0,75:0,76:0}
gen_size 1 -0.006203566 0.000000000 100.000000000
sample_xyz 0.065000000 0.065000000 0.015000000
beam_width 0.005000000
gen_U 0
pos_voxels_0 -0.025000000 0.010000000 0.000000000
U_voxels_0 0.146370894 -0.853533607 0.500055940 0.853533607 -0.146561881 -0.499999997 0.500055940 0.499999997 0.707067224
eps_voxels_0 -0.000070223 0.000310083 0.000501132 0.000512473 -0.000714617 -0.000593688
pos_voxels_1 -0.025000000 0.015000000 0.000000000
U_voxels_1 0.146370894 -0.853533607 0.500055940 0.853533607 -0.146561881 -0.499999997 0.500055940 0.499999997 0.707067224
eps_voxels_1 -0.000159072 0.000357517 0.000529314 0.000701683 -0.000722378 -0.000656808
pos_voxels_2 -0.020000000 0.005000000 0.000000000
U_voxels_2 0.146189201 -0.853486078 0.500190196 0.853486078 -0.146838520 -0.499999964 0.500190196 0.499999964 0.706972279
eps_voxels_2 0.000013976 0.000229796 0.000384684 0.000267408 -0.000598507 -0.000432822
pos_voxels_3 -0.020000000 0.010000000 0.000000000
U_voxels_3 0.146189201 -0.853486078 0.500190196 0.853486078 -0.146838520 -0.499999964 0.500190196 0.499999964 0.706972279
eps_voxels_3 -0.000074850 0.000277298 0.000412857 0.000456594 -0.000606317 -0.000495942
pos_voxels_4 -0.020000000 0.015000000 0.000000000
U_voxels_4 0.146189201 -0.853486078 0.500190196 0.853486078 -0.146838520 -0.499999964 0.500190196 0.499999964 0.706972279
eps_voxels_4 -0.000163677 0.000324799 0.000441030 0.000645780 -0.000614126 -0.000559061
pos_voxels_5 -0.020000000 0.020000000 0.000000000
U_voxels_5 0.146189201 -0.853486078 0.500190196 0.853486078 -0.146838520 -0.499999964 0.500190196 0.499999964 0.706972279
eps_voxels_5 -0.000252503 0.000372300 0.000469202 0.000834966 -0.000621936 -0.000622181
pos_voxels_6 -0.015000000 0.005000000 0.000000000
U_voxels_6 0.146007539 -0.853438481 0.500324452 0.853438481 -0.147115139 -0.499999895 0.500324452 0.499999895 0.706877322
eps_voxels_6 0.000009286 0.000196896 0.000296483 0.000211654 -0.000490066 -0.000335138
pos_voxels_7 -0.015000000 0.010000000 0.000000000
U_voxels_7 0.146007539 -0.853438481 0.500324452 0.853438481 -0.147115139 -0.499999895 0.500324452 0.499999895 0.706877322
eps_voxels_7 -0.000079517 0.000244466 0.000324647 0.000400816 -0.000497924 -0.000398256
pos_voxels_8 -0.015000000 0.015000000 0.000000000
U_voxels_8 0.146007539 -0.853438481 0.500324452 0.853438481 -0.147115139 -0.499999895 0.500324452 0.499999895 0.706877322
eps_voxels_8 -0.000168321 0.000292035 0.000352811 0.000589978 -0.000505782 -0.000461375
pos_voxels_9 -0.015000000 0.020000000 0.000000000
U_voxels_9 0.146007539 -0.853438481 0.500324452 0.853438481 -0.147115139 -0.499999895 0.500324452 0.499999895 0.706877322
eps_voxels_9 -0.000257124 0.000339604 0.000380975 0.000779139 -0.000513641 -0.000524494
pos_voxels_10 -0.015000000 0.025000000 0.000000000
U_voxels_10 0.146007539 -0.853438481 0.500324452 0.853438481 -0.147115139 -0.499999895 0.500324452 0.499999895 0.706877322
eps_voxels_10 -0.000345927 0.000387173 0.000409139 0.000968301 -0.000521499 -0.000587612
pos_voxels_11 -0.010000000 0.005000000 0.000000000
U_voxels_11 0.145825909 -0.853390816 0.500458708 0.853390816 -0.147391740 -0.499999790 0.500458708 0.499999790 0.706782351
eps_voxels_11 0.000004555 0.000163951 0.000208349 0.000156001 -0.000381533 -0.000237514
pos_voxels_12 -0.010000000 0.010000000 0.000000000
U_voxels_12 0.145825909 -0.853390816 0.500458708 0.853390816 -0.147391740 -0.499999790 0.500458708 0.499999790 0.706782351
eps_voxels_12 -0.000084225 0.000211588 0.000236504 0.000345138 -0.000389440 -0.000300631
pos_voxels_13 -0.010000000 0.015000000 0.000000000
U_voxels_13 0.145825909 -0.853390816 0.500458708 0.853390816 -0.147391740 -0.499999790 0.500458708 0.499999790 0.706782351
eps_voxels_13 -0.000173005 0.000259225 0.000264659 0.000534275 -0.000397347 -0.000363749
pos_voxels_14 -0.010000000 0.020000000 0.000000000
U_voxels_14 0.145825909 -0.853390816 0.500458708 0.853390816 -0.147391740 -0.499999790 0.500458708 0.499999790 0.706782351
eps_voxels_14 -0.000261784 0.000306863 0.000292814 0.000723413 -0.000405254 -0.000426867
pos_voxels_15 -0.010000000 0.025000000 0.000000000
U_voxels_15 0.145825909 -0.853390816 0.500458708 0.853390816 -0.147391740 -0.499999790 0.500458708 0.499999790 0.706782351
eps_voxels_15 -0.000350564 0.000354500 0.000320970 0.000912550 -0.000413161 -0.000489984
pos_voxels_16 -0.005000000 0.005000000 0.000000000
U_voxels_16 0.145644311 -0.853343084 0.500592964 0.853343084 -0.147668321 -0.499999648 0.500592964 0.499999648 0.706687368
eps_voxels_16 -0.000000216 0.000130959 0.000120280 0.000100448 -0.000272908 -0.000139950
pos_voxels_17 -0.005000000 0.010000000 0.000000000
U_voxels_17 0.145644311 -0.853343084 0.500592964 0.853343084 -0.147668321 -0.499999648 0.500592964 0.499999648 0.706687368
eps_voxels_17 -0.000088972 0.000178665 0.000148427 0.000289561 -0.000280863 -0.000203067
pos_voxels_18 -0.005000000 0.015000000 0.000000000
U_voxels_18 0.145644311 -0.853343084 0.500592964 0.853343084 -0.147668321 -0.499999648 0.500592964 0.499999648 0.706687368
eps_voxels_18 -0.000177729 0.000226370 0.000176573 0.000478674 -0.000288819 -0.000266184
pos_voxels_19 -0.005000000 0.020000000 0.000000000
U_voxels_19 0.145644311 -0.853343084 0.500592964 0.853343084 -0.147668321 -0.499999648 0.500592964 0.499999648 0.706687368
eps_voxels_19 -0.000266485 0.000274075 0.000204719 0.000667787 -0.000296775 -0.000329300
pos_voxels_20 -0.005000000 0.025000000 0.000000000
U_voxels_20 0.145644311 -0.853343084 0.500592964 0.853343084 -0.147668321 -0.499999648 0.500592964 0.499999648 0.706687368
eps_voxels_20 -0.000355241 0.000321780 0.000232866 0.000856899 -0.000304731 -0.000392417
pos_voxels_21 -0.000000000 -0.000000000 0.000000000
U_voxels_21 0.145462746 -0.853295283 0.500727220 0.853295283 -0.147944883 -0.499999471 0.500727220 0.499999471 0.706592372
eps_voxels_21 0.000083706 0.000050149 0.000004140 -0.000144092 -0.000156187 0.000020668
pos_voxels_22 -0.000000000 0.005000000 0.000000000
U_voxels_22 0.145462746 -0.853295283 0.500727220 0.853295283 -0.147944883 -0.499999471 0.500727220 0.499999471 0.706592372
eps_voxels_22 -0.000005027 0.000097922 0.000032278 0.000044996 -0.000164191 -0.000042448
pos_voxels_23 -0.000000000 0.010000000 0.000000000
U_voxels_23 0.145462746 -0.853295283 0.500727220 0.853295283 -0.147944883 -0.499999471 0.500727220 0.499999471 0.706592372
eps_voxels_23 -0.000093760 0.000145696 0.000060416 0.000234085 -0.000172195 -0.000105563
pos_voxels_24 -0.000000000 0.015000000 0.000000000
U_voxels_24 0.145462746 -0.853295283 0.500727220 0.853295283 -0.147944883 -0.499999471 0.500727220 0.499999471 0.706592372
eps_voxels_24 -0.000182493 0.000193469 0.000088553 0.000423173 -0.000180200 -0.000168679
pos_voxels_25 -0.000000000 0.020000000 0.000000000
U_voxels_25 0.145462746 -0.853295283 0.500727220 0.853295283 -0.147944883 -0.499999471 0.500727220 0.499999471 0.706592372
eps_voxels_25 -0.000271225 0.000241242 0.000116691 0.000612261 -0.000188204 -0.000231795
pos_voxels_26 -0.000000000 0.025000000 0.000000000
U_voxels_26 0.145462746 -0.853295283 0.500727220 0.853295283 -0.147944883 -0.499999471 0.500727220 0.499999471 0.706592372
eps_voxels_26 -0.000359958 0.000289015 0.000144828 0.000801350 -0.000196209 -0.000294910
pos_voxels_27 -0.000000000 0.030000000 0.000000000
U_voxels_27 0.145462746 -0.853295283 0.500727220 0.853295283 -0.147944883 -0.499999471 0.500727220 0.499999471 0.706592372
eps_voxels_27 -0.000448691 0.000336789 0.000172966 0.000990438 -0.000204213 -0.000358026
pos_voxels_28 0.005000000 -0.020000000 0.000000000
U_voxels_28 0.145281212 -0.853247415 0.500861476 0.853247415 -0.148221425 -0.499999258 0.500861476 0.499999258 0.706497363
eps_voxels_28 0.000433669 -0.000174367 -0.000196302 -0.000955674 -0.000015118 0.000370567
pos_voxels_29 0.005000000 -0.015000000 0.000000000
U_voxels_29 0.145281212 -0.853247415 0.500861476 0.853247415 -0.148221425 -0.499999258 0.500861476 0.499999258 0.706497363
eps_voxels_29 0.000344960 -0.000126525 -0.000168173 -0.000766610 -0.000023171 0.000307453
pos_voxels_30 0.005000000 -0.010000000 0.000000000
U_voxels_30 0.145281212 -0.853247415 0.500861476 0.853247415 -0.148221425 -0.499999258 0.500861476 0.499999258 0.706497363
eps_voxels_30 0.000256250 -0.000078684 -0.000140044 -0.000577546 -0.000031224 0.000244338
pos_voxels_31 0.005000000 -0.005000000 0.000000000
U_voxels_31 0.145281212 -0.853247415 0.500861476 0.853247415 -0.148221425 -0.499999258 0.500861476 0.499999258 0.706497363
eps_voxels_31 0.000167541 -0.000030843 -0.000111915 -0.000388482 -0.000039277 0.000181223
pos_voxels_32 0.005000000 -0.000000000 0.000000000
U_voxels_32 0.145281212 -0.853247415 0.500861476 0.853247415 -0.148221425 -0.499999258 0.500861476 0.499999258 0.706497363
eps_voxels_32 0.000078832 0.000016998 -0.000083787 -0.000199419 -0.000047330 0.000118109
pos_voxels_33 0.005000000 0.005000000 0.000000000
U_voxels_33 0.145281212 -0.853247415 0.500861476 0.853247415 -0.148221425 -0.499999258 0.500861476 0.499999258 0.706497363
eps_voxels_33 -0.000009878 0.000064840 -0.000055658 -0.000010355 -0.000055383 0.000054994
pos_voxels_34 0.005000000 0.010000000 0.000000000
U_voxels_34 0.145281212 -0.853247415 0.500861476 0.853247415 -0.148221425 -0.499999258 0.500861476 0.499999258 0.706497363
eps_voxels_34 -0.000098587 0.000112681 -0.000027529 0.000178709 -0.000063436 -0.000008120
pos_voxels_35 0.005000000 0.015000000 0.000000000
U_voxels_35 0.145281212 -0.853247415 0.500861476 0.853247415 -0.148221425 -0.499999258 0.500861476 0.499999258 0.706497363
eps_voxels_35 -0.000187297 0.000160522 0.000000599 0.000367773 -0.000071489 -0.000071235
pos_voxels_36 0.005000000 0.020000000 0.000000000
U_voxels_36 0.145281212 -0.853247415 0.500861476 0.853247415 -0.148221425 -0.499999258 0.500861476 0.499999258 0.706497363
eps_voxels_36 -0.000276006 0.000208363 0.000028728 0.000556837 -0.000079542 -0.000134350
pos_voxels_37 0.005000000 0.025000000 0.000000000
U_voxels_37 0.145281212 -0.853247415 0.500861476 0.853247415 -0.148221425 -0.499999258 0.500861476 0.499999258 0.706497363
eps_voxels_37 -0.000364715 0.000256205 0.000056857 0.000745900 -0.000087595 -0.000197464
pos_voxels_38 0.010000000 -0.025000000 0.000000000
U_voxels_38 0.145099710 -0.853199479 0.500995732 0.853199479 -0.148497949 -0.499999009 0.500995732 0.499999009 0.706402341
eps_voxels_38 0.000517346 -0.000255744 -0.000312246 -0.001199841 0.000102127 0.000531057
pos_voxels_39 0.010000000 -0.020000000 0.000000000
U_voxels_39 0.145099710 -0.853199479 0.500995732 0.853199479 -0.148497949 -0.499999009 0.500995732 0.499999009 0.706402341
eps_voxels_39 0.000428661 -0.000207835 -0.000284127 -0.001010801 0.000094026 0.000467943
pos_voxels_40 0.010000000 -0.015000000 0.000000000
U_voxels_40 0.145099710 -0.853199479 0.500995732 0.853199479 -0.148497949 -0.499999009 0.500995732 0.499999009 0.706402341
eps_voxels_40 0.000339975 -0.000159926 -0.000256007 -0.000821762 0.000085924 0.000404830
pos_voxels_41 0.010000000 -0.010000000 0.000000000
U_voxels_41 0.145099710 -0.853199479 0.500995732 0.853199479 -0.148497949 -0.499999009 0.500995732 0.499999009 0.706402341
eps_voxels_41 0.000251289 -0.000112016 -0.000227887 -0.000632723 0.000077822 0.000341716
pos_voxels_42 0.010000000 -0.005000000 0.000000000
U_voxels_42 0.145099710 -0.853199479 0.500995732 0.853199479 -0.148497949 -0.499999009 0.500995732 0.499999009 0.706402341
eps_voxels_42 0.000162603 -0.000064107 -0.000199767 -0.000443684 0.000069721 0.000278602
pos_voxels_43 0.010000000 -0.000000000 0.000000000
U_voxels_43 0.145099710 -0.853199479 0.500995732 0.853199479 -0.148497949 -0.499999009 0.500995732 0.499999009 0.706402341
eps_voxels_43 0.000073917 -0.000016198 -0.000171647 -0.000254644 0.000061619 0.000215489
pos_voxels_44 0.010000000 0.005000000 0.000000000
U_voxels_44 0.145099710 -0.853199479 0.500995732 0.853199479 -0.148497949 -0.499999009 0.500995732 0.499999009 0.706402341
eps_voxels_44 -0.000014769 0.000031711 -0.000143528 -0.000065605 0.000053517 0.000152375
pos_voxels_45 0.010000000 0.010000000 0.000000000
U_voxels_45 0.145099710 -0.853199479 0.500995732 0.853199479 -0.148497949 -0.499999009 0.500995732 0.499999009 0.706402341
eps_voxels_45 -0.000103455 0.000079621 -0.000115408 0.000123434 0.000045416 0.000089262
pos_voxels_46 0.010000000 0.015000000 0.000000000
U_voxels_46 0.145099710 -0.853199479 0.500995732 0.853199479 -0.148497949 -0.499999009 0.500995732 0.499999009 0.706402341
eps_voxels_46 -0.000192141 0.000127530 -0.000087288 0.000312473 0.000037314 0.000026148
pos_voxels_47 0.010000000 0.020000000 0.000000000
U_voxels_47 0.145099710 -0.853199479 0.500995732 0.853199479 -0.148497949 -0.499999009 0.500995732 0.499999009 0.706402341
eps_voxels_47 -0.000280827 0.000175439 -0.000059168 0.000501513 0.000029212 -0.000036965
pos_voxels_48 0.010000000 0.025000000 0.000000000
U_voxels_48 0.145099710 -0.853199479 0.500995732 0.853199479 -0.148497949 -0.499999009 0.500995732 0.499999009 0.706402341
eps_voxels_48 -0.000369513 0.000223348 -0.000031048 0.000690552 0.000021110 -0.000100079
pos_voxels_49 0.015000000 -0.025000000 0.000000000
U_voxels_49 0.144918240 -0.853151475 0.501129988 0.853151475 -0.148774453 -0.499998723 0.501129988 0.499998723 0.706307307
eps_voxels_49 0.000512274 -0.000289325 -0.000399996 -0.001254842 0.000211411 0.000628371
pos_voxels_50 0.015000000 -0.020000000 0.000000000
U_voxels_50 0.144918240 -0.853151475 0.501129988 0.853151475 -0.148774453 -0.499998723 0.501129988 0.499998723 0.706307307
eps_voxels_50 0.000423612 -0.000241348 -0.000371885 -0.001065828 0.000203260 0.000565258
pos_voxels_51 0.015000000 -0.015000000 0.000000000
U_voxels_51 0.144918240 -0.853151475 0.501129988 0.853151475 -0.148774453 -0.499998723 0.501129988 0.499998723 0.706307307
eps_voxels_51 0.000334949 -0.000193371 -0.000343774 -0.000876813 0.000195110 0.000502146
pos_voxels_52 0.015000000 -0.010000000 0.000000000
U_voxels_52 0.144918240 -0.853151475 0.501129988 0.853151475 -0.148774453 -0.499998723 0.501129988 0.499998723 0.706307307
eps_voxels_52 0.000246287 -0.000145394 -0.000315664 -0.000687798 0.000186960 0.000439033
pos_voxels_53 0.015000000 -0.005000000 0.000000000
U_voxels_53 0.144918240 -0.853151475 0.501129988 0.853151475 -0.148774453 -0.499998723 0.501129988 0.499998723 0.706307307
eps_voxels_53 0.000157624 -0.000097417 -0.000287553 -0.000498784 0.000178809 0.000375921
pos_voxels_54 0.015000000 -0.000000000 0.000000000
U_voxels_54 0.144918240 -0.853151475 0.501129988 0.853151475 -0.148774453 -0.499998723 0.501129988 0.499998723 0.706307307
eps_voxels_54 0.000068962 -0.000049439 -0.000259442 -0.000309769 0.000170659 0.000312808
pos_voxels_55 0.015000000 0.005000000 0.000000000
U_voxels_55 0.144918240 -0.853151475 0.501129988 0.853151475 -0.148774453 -0.499998723 0.501129988 0.499998723 0.706307307
eps_voxels_55 -0.000019700 -0.000001462 -0.000231331 -0.000120754 0.000162509 0.000249696
pos_voxels_56 0.015000000 0.010000000 0.000000000
U_voxels_56 0.144918240 -0.853151475 0.501129988 0.853151475 -0.148774453 -0.499998723 0.501129988 0.499998723 0.706307307
eps_voxels_56 -0.000108363 0.000046515 -0.000203220 0.000068260 0.000154358 0.000186583
pos_voxels_57 0.015000000 0.015000000 0.000000000
U_voxels_57 0.144918240 -0.853151475 0.501129988 0.853151475 -0.148774453 -0.499998723 0.501129988 0.499998723 0.706307307
eps_voxels_57 -0.000197025 0.000094492 -0.000175109 0.000257275 0.000146208 0.000123471
pos_voxels_58 0.015000000 0.020000000 0.000000000
U_voxels_58 0.144918240 -0.853151475 0.501129988 0.853151475 -0.148774453 -0.499998723 0.501129988 0.499998723 0.706307307
eps_voxels_58 -0.000285687 0.000142469 -0.000146998 0.000446290 0.000138058 0.000060358
pos_voxels_59 0.015000000 0.025000000 0.000000000
U_voxels_59 0.144918240 -0.853151475 0.501129988 0.853151475 -0.148774453 -0.499998723 0.501129988 0.499998723 0.706307307
eps_voxels_59 -0.000374350 0.000190447 -0.000118887 0.000635304 0.000129907 -0.000002754
pos_voxels_60 0.020000000 -0.020000000 0.000000000
U_voxels_60 0.144736802 -0.853103403 0.501264244 0.853103403 -0.149050938 -0.499998402 0.501264244 0.499998402 0.706212260
eps_voxels_60 0.000418522 -0.000274907 -0.000459577 -0.001120752 0.000312587 0.000662512
pos_voxels_61 0.020000000 -0.015000000 0.000000000
U_voxels_61 0.144736802 -0.853103403 0.501264244 0.853103403 -0.149050938 -0.499998402 0.501264244 0.499998402 0.706212260
eps_voxels_61 0.000329883 -0.000226862 -0.000431475 -0.000931762 0.000304388 0.000599401
pos_voxels_62 0.020000000 -0.010000000 0.000000000
U_voxels_62 0.144736802 -0.853103403 0.501264244 0.853103403 -0.149050938 -0.499998402 0.501264244 0.499998402 0.706212260
eps_voxels_62 0.000241245 -0.000178817 -0.000403374 -0.000742772 0.000296189 0.000536289
pos_voxels_63 0.020000000 -0.005000000 0.000000000
U_voxels_63 0.144736802 -0.853103403 0.501264244 0.853103403 -0.149050938 -0.499998402 0.501264244 0.499998402 0.706212260
eps_voxels_63 0.000152606 -0.000130771 -0.000375272 -0.000553782 0.000287990 0.000473178
pos_voxels_64 0.020000000 -0.000000000 0.000000000
U_voxels_64 0.144736802 -0.853103403 0.501264244 0.853103403 -0.149050938 -0.499998402 0.501264244 0.499998402 0.706212260
eps_voxels_64 0.000063967 -0.000082726 -0.000347170 -0.000364792 0.000279791 0.000410067
pos_voxels_65 0.020000000 0.005000000 0.000000000
U_voxels_65 0.144736802 -0.853103403 0.501264244 0.853103403 -0.149050938 -0.499998402 0.501264244 0.499998402 0.706212260
eps_voxels_65 -0.000024672 -0.000034681 -0.000319068 -0.000175802 0.000271592 0.000346955
pos_voxels_66 0.020000000 0.010000000 0.000000000
U_voxels_66 0.144736802 -0.853103403 0.501264244 0.853103403 -0.149050938 -0.499998402 0.501264244 0.499998402 0.706212260
eps_voxels_66 -0.000113311 0.000013364 -0.000290966 0.000013188 0.000263393 0.000283844
pos_voxels_67 0.020000000 0.015000000 0.000000000
U_voxels_67 0.144736802 -0.853103403 0.501264244 0.853103403 -0.149050938 -0.499998402 0.501264244 0.499998402 0.706212260
eps_voxels_67 -0.000201949 0.000061409 -0.000262864 0.000202178 0.000255194 0.000220732
pos_voxels_68 0.020000000 0.020000000 0.000000000
U_voxels_68 0.144736802 -0.853103403 0.501264244 0.853103403 -0.149050938 -0.499998402 0.501264244 0.499998402 0.706212260
eps_voxels_68 -0.000290588 0.000109454 -0.000234762 0.000391168 0.000246995 0.000157621
pos_voxels_69 0.025000000 -0.015000000 0.000000000
U_voxels_69 0.144555396 -0.853055263 0.501398499 0.853055263 -0.149327403 -0.499998044 0.501398499 0.499998044 0.706117200
eps_voxels_69 0.000324777 -0.000260398 -0.000519110 -0.000986611 0.000413757 0.000696595
pos_voxels_70 0.025000000 -0.010000000 0.000000000
U_voxels_70 0.144555396 -0.853055263 0.501398499 0.853055263 -0.149327403 -0.499998044 0.501398499 0.499998044 0.706117200
eps_voxels_70 0.000236162 -0.000212285 -0.000491017 -0.000797645 0.000405509 0.000633485
pos_voxels_71 0.025000000 -0.005000000 0.000000000
U_voxels_71 0.144555396 -0.853055263 0.501398499 0.853055263 -0.149327403 -0.499998044 0.501398499 0.499998044 0.706117200
eps_voxels_71 0.000147547 -0.000164172 -0.000462924 -0.000608680 0.000397261 0.000570374
pos_voxels_72 0.025000000 -0.000000000 0.000000000
U_voxels_72 0.144555396 -0.853055263 0.501398499 0.853055263 -0.149327403 -0.499998044 0.501398499 0.499998044 0.706117200
eps_voxels_72 0.000058932 -0.000116059 -0.000434831 -0.000419715 0.000389014 0.000507264
pos_voxels_73 0.025000000 0.005000000 0.000000000
U_voxels_73 0.144555396 -0.853055263 0.501398499 0.853055263 -0.149327403 -0.499998044 0.501398499 0.499998044 0.706117200
eps_voxels_73 -0.000029684 -0.000067945 -0.000406738 -0.000230750 0.000380766 0.000444154
pos_voxels_74 0.025000000 0.010000000 0.000000000
U_voxels_74 0.144555396 -0.853055263 0.501398499 0.853055263 -0.149327403 -0.499998044 0.501398499 0.499998044 0.706117200
eps_voxels_74 -0.000118299 -0.000019832 -0.000378645 -0.000041784 0.000372518 0.000381043
pos_voxels_75 0.025000000 0.015000000 0.000000000
U_voxels_75 0.144555396 -0.853055263 0.501398499 0.853055263 -0.149327403 -0.499998044 0.501398499 0.499998044 0.706117200
eps_voxels_75 -0.000206914 0.000028281 -0.000350552 0.000147181 0.000364271 0.000317933
pos_voxels_76 0.030000000 -0.000000000 0.000000000
U_voxels_76 0.144374023 -0.853007056 0.501532755 0.853007056 -0.149603849 -0.499997651 0.501532755 0.499997651 0.706022128
eps_voxels_76 0.000053856 -0.000149436 -0.000522426 -0.000474536 0.000498328 0.000604401
