
direc 'Sn'
stem 'Sn_ssch'
make_image 0
output  'merged.flt' 'delta.flt' 'delta.gve' '.par' '.ubi'
#output  'merged.flt' '.par' '.ubi'
structure_phase_0 '/home/axel/workspace/scanning-3dxrd-simulations/ModelScanning3DXRD/scripts/simul/Sn.cif'
y_size 0.0500
z_size 0.0500
dety_size 2048
detz_size 2048
distance 162.888383321
tilt_x -0.00260053595757
tilt_y -0.00366923010272
tilt_z 0.00463564130438
o11 1
o12 0
o21 0
o22 -1
noise 0
intensity_const 1
lorentz_apply 1
beampol_apply 0
peakshape 0
wavelength 0.21878
beamflux 1e-12
beampol_factor 1
beampol_direct 0
dety_center 998.798998
detz_center 1041.55049636
omega_start 0
omega_end 180
omega_step 1.0
omega_sign 1
theta_min 0
theta_max 8
wedge -0.0142439915706
#spatial '/home/axel/workspace/fable/ModelScanning3DXRD/scripts/simul/frelon4m.spline'

no_voxels 77
voxel_grain_map {0:0,1:0,2:0,3:0,4:0,5:0,6:0,7:0,8:0,9:0,10:0,11:0,12:0,13:0,14:0,15:0,16:0,17:0,18:0,19:0,20:0,21:0,22:0,23:0,24:0,25:0,26:0,27:0,28:0,29:0,30:0,31:0,32:0,33:0,34:0,35:0,36:0,37:0,38:0,39:0,40:0,41:0,42:0,43:0,44:0,45:0,46:0,47:0,48:0,49:0,50:0,51:0,52:0,53:0,54:0,55:0,56:0,57:0,58:0,59:0,60:0,61:0,62:0,63:0,64:0,65:0,66:0,67:0,68:0,69:0,70:0,71:0,72:0,73:0,74:0,75:0,76:0}
gen_size 1 -0.006203566 0.000000000 100.000000000
sample_xyz 0.065000000 0.065000000 0.015000000
beam_width 0.005000000
gen_U 0
pos_voxels_0 -0.025000000 0.010000000 0.000000000
U_voxels_0 0.136575602 -0.850861636 0.507327883 0.850861636 -0.161518338 -0.499946299 0.507327883 0.499946299 0.701906060
eps_voxels_0 -0.000146968 0.000963381 -0.000078185 0.000365603 -0.001274092 -0.000022457
pos_voxels_1 -0.025000000 0.015000000 0.000000000
U_voxels_1 0.136575602 -0.850861636 0.507327883 0.850861636 -0.161518338 -0.499946299 0.507327883 0.499946299 0.701906060
eps_voxels_1 -0.000234511 0.001014476 -0.000050511 0.000553432 -0.001284485 -0.000085503
pos_voxels_2 -0.020000000 0.005000000 0.000000000
U_voxels_2 0.136395665 -0.850810446 0.507462124 0.850810446 -0.161793907 -0.499944314 0.507462124 0.499944314 0.701810427
eps_voxels_2 -0.000064910 0.000878104 -0.000192529 0.000124204 -0.001152662 0.000136884
pos_voxels_3 -0.020000000 0.010000000 0.000000000
U_voxels_3 0.136395665 -0.850810446 0.507462124 0.850810446 -0.161793907 -0.499944314 0.507462124 0.499944314 0.701810427
eps_voxels_3 -0.000152428 0.000929266 -0.000164864 0.000312007 -0.001163104 0.000073840
pos_voxels_4 -0.020000000 0.015000000 0.000000000
U_voxels_4 0.136395665 -0.850810446 0.507462124 0.850810446 -0.161793907 -0.499944314 0.507462124 0.499944314 0.701810427
eps_voxels_4 -0.000239947 0.000980428 -0.000137200 0.000499809 -0.001173546 0.000010795
pos_voxels_5 -0.020000000 0.020000000 0.000000000
U_voxels_5 0.136395665 -0.850810446 0.507462124 0.850810446 -0.161793907 -0.499944314 0.507462124 0.499944314 0.701810427
eps_voxels_5 -0.000327465 0.001031590 -0.000109535 0.000687612 -0.001183987 -0.000052249
pos_voxels_6 -0.015000000 0.005000000 0.000000000
U_voxels_6 0.136215762 -0.850759188 0.507596365 0.850759188 -0.162069456 -0.499942292 0.507596365 0.499942292 0.701714782
eps_voxels_6 -0.000070437 0.000843878 -0.000279130 0.000070738 -0.001041536 0.000233116
pos_voxels_7 -0.015000000 0.010000000 0.000000000
U_voxels_7 0.136215762 -0.850759188 0.507596365 0.850759188 -0.162069456 -0.499942292 0.507596365 0.499942292 0.701714782
eps_voxels_7 -0.000157930 0.000895107 -0.000251475 0.000258514 -0.001052026 0.000170073
pos_voxels_8 -0.015000000 0.015000000 0.000000000
U_voxels_8 0.136215762 -0.850759188 0.507596365 0.850759188 -0.162069456 -0.499942292 0.507596365 0.499942292 0.701714782
eps_voxels_8 -0.000245423 0.000946336 -0.000223821 0.000446290 -0.001062517 0.000107031
pos_voxels_9 -0.015000000 0.020000000 0.000000000
U_voxels_9 0.136215762 -0.850759188 0.507596365 0.850759188 -0.162069456 -0.499942292 0.507596365 0.499942292 0.701714782
eps_voxels_9 -0.000332916 0.000997565 -0.000196166 0.000634065 -0.001073007 0.000043988
pos_voxels_10 -0.015000000 0.025000000 0.000000000
U_voxels_10 0.136215762 -0.850759188 0.507596365 0.850759188 -0.162069456 -0.499942292 0.507596365 0.499942292 0.701714782
eps_voxels_10 -0.000420410 0.001048794 -0.000168512 0.000821841 -0.001083497 -0.000019054
pos_voxels_11 -0.010000000 0.005000000 0.000000000
U_voxels_11 0.136035892 -0.850707863 0.507730606 0.850707863 -0.162344984 -0.499940234 0.507730606 0.499940234 0.701619124
eps_voxels_11 -0.000076004 0.000809608 -0.000365663 0.000017376 -0.000930320 0.000329286
pos_voxels_12 -0.010000000 0.010000000 0.000000000
U_voxels_12 0.136035892 -0.850707863 0.507730606 0.850707863 -0.162344984 -0.499940234 0.507730606 0.499940234 0.701619124
eps_voxels_12 -0.000163472 0.000860904 -0.000338019 0.000205125 -0.000940859 0.000266245
pos_voxels_13 -0.010000000 0.015000000 0.000000000
U_voxels_13 0.136035892 -0.850707863 0.507730606 0.850707863 -0.162344984 -0.499940234 0.507730606 0.499940234 0.701619124
eps_voxels_13 -0.000250941 0.000912201 -0.000310374 0.000392873 -0.000951398 0.000203204
pos_voxels_14 -0.010000000 0.020000000 0.000000000
U_voxels_14 0.136035892 -0.850707863 0.507730606 0.850707863 -0.162344984 -0.499940234 0.507730606 0.499940234 0.701619124
eps_voxels_14 -0.000338409 0.000963497 -0.000282730 0.000580622 -0.000961937 0.000140164
pos_voxels_15 -0.010000000 0.025000000 0.000000000
U_voxels_15 0.136035892 -0.850707863 0.507730606 0.850707863 -0.162344984 -0.499940234 0.507730606 0.499940234 0.701619124
eps_voxels_15 -0.000425877 0.001014793 -0.000255085 0.000768371 -0.000972475 0.000077123
pos_voxels_16 -0.005000000 0.005000000 0.000000000
U_voxels_16 0.135856055 -0.850656471 0.507864845 0.850656471 -0.162620492 -0.499938140 0.507864845 0.499938140 0.701523453
eps_voxels_16 -0.000081613 0.000775296 -0.000452129 -0.000035883 -0.000819015 0.000425393
pos_voxels_17 -0.005000000 0.010000000 0.000000000
U_voxels_17 0.135856055 -0.850656471 0.507864845 0.850656471 -0.162620492 -0.499938140 0.507864845 0.499938140 0.701523453
eps_voxels_17 -0.000169056 0.000826659 -0.000424494 0.000151839 -0.000829602 0.000362354
pos_voxels_18 -0.005000000 0.015000000 0.000000000
U_voxels_18 0.135856055 -0.850656471 0.507864845 0.850656471 -0.162620492 -0.499938140 0.507864845 0.499938140 0.701523453
eps_voxels_18 -0.000256499 0.000878022 -0.000396860 0.000339561 -0.000840189 0.000299316
pos_voxels_19 -0.005000000 0.020000000 0.000000000
U_voxels_19 0.135856055 -0.850656471 0.507864845 0.850656471 -0.162620492 -0.499938140 0.507864845 0.499938140 0.701523453
eps_voxels_19 -0.000343943 0.000929385 -0.000369225 0.000527283 -0.000850776 0.000236277
pos_voxels_20 -0.005000000 0.025000000 0.000000000
U_voxels_20 0.135856055 -0.850656471 0.507864845 0.850656471 -0.162620492 -0.499938140 0.507864845 0.499938140 0.701523453
eps_voxels_20 -0.000431386 0.000980749 -0.000341591 0.000715005 -0.000861364 0.000173238
pos_voxels_21 -0.000000000 -0.000000000 0.000000000
U_voxels_21 0.135676251 -0.850605011 0.507999084 0.850605011 -0.162895980 -0.499936011 0.507999084 0.499936011 0.701427769
eps_voxels_21 0.000000156 0.000689509 -0.000566151 -0.000276734 -0.000696984 0.000584476
pos_voxels_22 -0.000000000 0.005000000 0.000000000
U_voxels_22 0.135676251 -0.850605011 0.507999084 0.850605011 -0.162895980 -0.499936011 0.507999084 0.499936011 0.701427769
eps_voxels_22 -0.000087263 0.000740940 -0.000538526 -0.000089039 -0.000707619 0.000521438
pos_voxels_23 -0.000000000 0.010000000 0.000000000
U_voxels_23 0.135676251 -0.850605011 0.507999084 0.850605011 -0.162895980 -0.499936011 0.507999084 0.499936011 0.701427769
eps_voxels_23 -0.000174681 0.000792370 -0.000510902 0.000098656 -0.000718255 0.000458401
pos_voxels_24 -0.000000000 0.015000000 0.000000000
U_voxels_24 0.135676251 -0.850605011 0.507999084 0.850605011 -0.162895980 -0.499936011 0.507999084 0.499936011 0.701427769
eps_voxels_24 -0.000262099 0.000843800 -0.000483278 0.000286351 -0.000728891 0.000395364
pos_voxels_25 -0.000000000 0.020000000 0.000000000
U_voxels_25 0.135676251 -0.850605011 0.507999084 0.850605011 -0.162895980 -0.499936011 0.507999084 0.499936011 0.701427769
eps_voxels_25 -0.000349517 0.000895230 -0.000455653 0.000474047 -0.000739527 0.000332327
pos_voxels_26 -0.000000000 0.025000000 0.000000000
U_voxels_26 0.135676251 -0.850605011 0.507999084 0.850605011 -0.162895980 -0.499936011 0.507999084 0.499936011 0.701427769
eps_voxels_26 -0.000436935 0.000946661 -0.000428029 0.000661742 -0.000750162 0.000269290
pos_voxels_27 -0.000000000 0.030000000 0.000000000
U_voxels_27 0.135676251 -0.850605011 0.507999084 0.850605011 -0.162895980 -0.499936011 0.507999084 0.499936011 0.701427769
eps_voxels_27 -0.000524354 0.000998091 -0.000400404 0.000849437 -0.000760798 0.000206253
pos_voxels_28 0.005000000 -0.020000000 0.000000000
U_voxels_28 0.135496480 -0.850553484 0.508133323 0.850553484 -0.163171447 -0.499933845 0.508133323 0.499933845 0.701332073
eps_voxels_28 0.000344012 0.000449054 -0.000762928 -0.001080431 -0.000542714 0.000932597
pos_voxels_29 0.005000000 -0.015000000 0.000000000
U_voxels_29 0.135496480 -0.850553484 0.508133323 0.850553484 -0.163171447 -0.499933845 0.508133323 0.499933845 0.701332073
eps_voxels_29 0.000256619 0.000500551 -0.000735313 -0.000892763 -0.000553398 0.000869562
pos_voxels_30 0.005000000 -0.010000000 0.000000000
U_voxels_30 0.135496480 -0.850553484 0.508133323 0.850553484 -0.163171447 -0.499933845 0.508133323 0.499933845 0.701332073
eps_voxels_30 0.000169226 0.000552049 -0.000707699 -0.000705095 -0.000564082 0.000806527
pos_voxels_31 0.005000000 -0.005000000 0.000000000
U_voxels_31 0.135496480 -0.850553484 0.508133323 0.850553484 -0.163171447 -0.499933845 0.508133323 0.499933845 0.701332073
eps_voxels_31 0.000081833 0.000603546 -0.000680085 -0.000517427 -0.000574766 0.000743491
pos_voxels_32 0.005000000 -0.000000000 0.000000000
U_voxels_32 0.135496480 -0.850553484 0.508133323 0.850553484 -0.163171447 -0.499933845 0.508133323 0.499933845 0.701332073
eps_voxels_32 -0.000005561 0.000655043 -0.000652471 -0.000329759 -0.000585450 0.000680456
pos_voxels_33 0.005000000 0.005000000 0.000000000
U_voxels_33 0.135496480 -0.850553484 0.508133323 0.850553484 -0.163171447 -0.499933845 0.508133323 0.499933845 0.701332073
eps_voxels_33 -0.000092954 0.000706541 -0.000624856 -0.000142090 -0.000596134 0.000617421
pos_voxels_34 0.005000000 0.010000000 0.000000000
U_voxels_34 0.135496480 -0.850553484 0.508133323 0.850553484 -0.163171447 -0.499933845 0.508133323 0.499933845 0.701332073
eps_voxels_34 -0.000180347 0.000758038 -0.000597242 0.000045578 -0.000606819 0.000554386
pos_voxels_35 0.005000000 0.015000000 0.000000000
U_voxels_35 0.135496480 -0.850553484 0.508133323 0.850553484 -0.163171447 -0.499933845 0.508133323 0.499933845 0.701332073
eps_voxels_35 -0.000267740 0.000809535 -0.000569628 0.000233246 -0.000617503 0.000491351
pos_voxels_36 0.005000000 0.020000000 0.000000000
U_voxels_36 0.135496480 -0.850553484 0.508133323 0.850553484 -0.163171447 -0.499933845 0.508133323 0.499933845 0.701332073
eps_voxels_36 -0.000355133 0.000861032 -0.000542013 0.000420914 -0.000628187 0.000428316
pos_voxels_37 0.005000000 0.025000000 0.000000000
U_voxels_37 0.135496480 -0.850553484 0.508133323 0.850553484 -0.163171447 -0.499933845 0.508133323 0.499933845 0.701332073
eps_voxels_37 -0.000442526 0.000912530 -0.000514399 0.000608582 -0.000638871 0.000365280
pos_voxels_38 0.010000000 -0.025000000 0.000000000
U_voxels_38 0.135316742 -0.850501890 0.508267561 0.850501890 -0.163446893 -0.499931643 0.508267561 0.499931643 0.701236364
eps_voxels_38 0.000425522 0.000362713 -0.000876743 -0.001320885 -0.000420164 0.001091541
pos_voxels_39 0.010000000 -0.020000000 0.000000000
U_voxels_39 0.135316742 -0.850501890 0.508267561 0.850501890 -0.163446893 -0.499931643 0.508267561 0.499931643 0.701236364
eps_voxels_39 0.000338154 0.000414277 -0.000849139 -0.001133244 -0.000430897 0.001028508
pos_voxels_40 0.010000000 -0.015000000 0.000000000
U_voxels_40 0.135316742 -0.850501890 0.508267561 0.850501890 -0.163446893 -0.499931643 0.508267561 0.499931643 0.701236364
eps_voxels_40 0.000250786 0.000465841 -0.000821535 -0.000945603 -0.000441629 0.000965474
pos_voxels_41 0.010000000 -0.010000000 0.000000000
U_voxels_41 0.135316742 -0.850501890 0.508267561 0.850501890 -0.163446893 -0.499931643 0.508267561 0.499931643 0.701236364
eps_voxels_41 0.000163418 0.000517406 -0.000793931 -0.000757962 -0.000452362 0.000902441
pos_voxels_42 0.010000000 -0.005000000 0.000000000
U_voxels_42 0.135316742 -0.850501890 0.508267561 0.850501890 -0.163446893 -0.499931643 0.508267561 0.499931643 0.701236364
eps_voxels_42 0.000076050 0.000568970 -0.000766327 -0.000570321 -0.000463095 0.000839408
pos_voxels_43 0.010000000 -0.000000000 0.000000000
U_voxels_43 0.135316742 -0.850501890 0.508267561 0.850501890 -0.163446893 -0.499931643 0.508267561 0.499931643 0.701236364
eps_voxels_43 -0.000011318 0.000620534 -0.000738723 -0.000382679 -0.000473827 0.000776375
pos_voxels_44 0.010000000 0.005000000 0.000000000
U_voxels_44 0.135316742 -0.850501890 0.508267561 0.850501890 -0.163446893 -0.499931643 0.508267561 0.499931643 0.701236364
eps_voxels_44 -0.000098686 0.000672098 -0.000711118 -0.000195038 -0.000484560 0.000713341
pos_voxels_45 0.010000000 0.010000000 0.000000000
U_voxels_45 0.135316742 -0.850501890 0.508267561 0.850501890 -0.163446893 -0.499931643 0.508267561 0.499931643 0.701236364
eps_voxels_45 -0.000186054 0.000723663 -0.000683514 -0.000007397 -0.000495293 0.000650308
pos_voxels_46 0.010000000 0.015000000 0.000000000
U_voxels_46 0.135316742 -0.850501890 0.508267561 0.850501890 -0.163446893 -0.499931643 0.508267561 0.499931643 0.701236364
eps_voxels_46 -0.000273422 0.000775227 -0.000655910 0.000180244 -0.000506025 0.000587275
pos_voxels_47 0.010000000 0.020000000 0.000000000
U_voxels_47 0.135316742 -0.850501890 0.508267561 0.850501890 -0.163446893 -0.499931643 0.508267561 0.499931643 0.701236364
eps_voxels_47 -0.000360790 0.000826791 -0.000628306 0.000367885 -0.000516758 0.000524241
pos_voxels_48 0.010000000 0.025000000 0.000000000
U_voxels_48 0.135316742 -0.850501890 0.508267561 0.850501890 -0.163446893 -0.499931643 0.508267561 0.499931643 0.701236364
eps_voxels_48 -0.000448158 0.000878356 -0.000600702 0.000555526 -0.000527491 0.000461208
pos_voxels_49 0.015000000 -0.025000000 0.000000000
U_voxels_49 0.135137037 -0.850450229 0.508401799 0.850450229 -0.163722319 -0.499929405 0.508401799 0.499929405 0.701140643
eps_voxels_49 0.000419597 0.000327826 -0.000962877 -0.001373567 -0.000308209 0.001187387
pos_voxels_50 0.015000000 -0.020000000 0.000000000
U_voxels_50 0.135137037 -0.850450229 0.508401799 0.850450229 -0.163722319 -0.499929405 0.508401799 0.499929405 0.701140643
eps_voxels_50 0.000332254 0.000379457 -0.000935283 -0.001185953 -0.000318990 0.001124356
pos_voxels_51 0.015000000 -0.015000000 0.000000000
U_voxels_51 0.135137037 -0.850450229 0.508401799 0.850450229 -0.163722319 -0.499929405 0.508401799 0.499929405 0.701140643
eps_voxels_51 0.000244912 0.000431088 -0.000907689 -0.000998339 -0.000329771 0.001061324
pos_voxels_52 0.015000000 -0.010000000 0.000000000
U_voxels_52 0.135137037 -0.850450229 0.508401799 0.850450229 -0.163722319 -0.499929405 0.508401799 0.499929405 0.701140643
eps_voxels_52 0.000157569 0.000482720 -0.000880095 -0.000810725 -0.000340552 0.000998293
pos_voxels_53 0.015000000 -0.005000000 0.000000000
U_voxels_53 0.135137037 -0.850450229 0.508401799 0.850450229 -0.163722319 -0.499929405 0.508401799 0.499929405 0.701140643
eps_voxels_53 0.000070226 0.000534351 -0.000852501 -0.000623110 -0.000351334 0.000935262
pos_voxels_54 0.015000000 -0.000000000 0.000000000
U_voxels_54 0.135137037 -0.850450229 0.508401799 0.850450229 -0.163722319 -0.499929405 0.508401799 0.499929405 0.701140643
eps_voxels_54 -0.000017117 0.000585982 -0.000824907 -0.000435496 -0.000362115 0.000872230
pos_voxels_55 0.015000000 0.005000000 0.000000000
U_voxels_55 0.135137037 -0.850450229 0.508401799 0.850450229 -0.163722319 -0.499929405 0.508401799 0.499929405 0.701140643
eps_voxels_55 -0.000104460 0.000637613 -0.000797313 -0.000247882 -0.000372896 0.000809199
pos_voxels_56 0.015000000 0.010000000 0.000000000
U_voxels_56 0.135137037 -0.850450229 0.508401799 0.850450229 -0.163722319 -0.499929405 0.508401799 0.499929405 0.701140643
eps_voxels_56 -0.000191803 0.000689245 -0.000769719 -0.000060268 -0.000383677 0.000746167
pos_voxels_57 0.015000000 0.015000000 0.000000000
U_voxels_57 0.135137037 -0.850450229 0.508401799 0.850450229 -0.163722319 -0.499929405 0.508401799 0.499929405 0.701140643
eps_voxels_57 -0.000279146 0.000740876 -0.000742124 0.000127346 -0.000394458 0.000683136
pos_voxels_58 0.015000000 0.020000000 0.000000000
U_voxels_58 0.135137037 -0.850450229 0.508401799 0.850450229 -0.163722319 -0.499929405 0.508401799 0.499929405 0.701140643
eps_voxels_58 -0.000366489 0.000792507 -0.000714530 0.000314960 -0.000405239 0.000620105
pos_voxels_59 0.015000000 0.025000000 0.000000000
U_voxels_59 0.135137037 -0.850450229 0.508401799 0.850450229 -0.163722319 -0.499929405 0.508401799 0.499929405 0.701140643
eps_voxels_59 -0.000453831 0.000844138 -0.000686936 0.000502574 -0.000416021 0.000557073
pos_voxels_60 0.020000000 -0.020000000 0.000000000
U_voxels_60 0.134957366 -0.850398501 0.508536035 0.850398501 -0.163997725 -0.499927131 0.508536035 0.499927131 0.701044909
eps_voxels_60 0.000326313 0.000344594 -0.001021358 -0.001238557 -0.000206994 0.001220141
pos_voxels_61 0.020000000 -0.015000000 0.000000000
U_voxels_61 0.134957366 -0.850398501 0.508536035 0.850398501 -0.163997725 -0.499927131 0.508536035 0.499927131 0.701044909
eps_voxels_61 0.000238996 0.000396292 -0.000993774 -0.001050970 -0.000217824 0.001157112
pos_voxels_62 0.020000000 -0.010000000 0.000000000
U_voxels_62 0.134957366 -0.850398501 0.508536035 0.850398501 -0.163997725 -0.499927131 0.508536035 0.499927131 0.701044909
eps_voxels_62 0.000151678 0.000447991 -0.000966190 -0.000863383 -0.000228654 0.001094082
pos_voxels_63 0.020000000 -0.005000000 0.000000000
U_voxels_63 0.134957366 -0.850398501 0.508536035 0.850398501 -0.163997725 -0.499927131 0.508536035 0.499927131 0.701044909
eps_voxels_63 0.000064360 0.000499689 -0.000938606 -0.000675796 -0.000239483 0.001031053
pos_voxels_64 0.020000000 -0.000000000 0.000000000
U_voxels_64 0.134957366 -0.850398501 0.508536035 0.850398501 -0.163997725 -0.499927131 0.508536035 0.499927131 0.701044909
eps_voxels_64 -0.000022957 0.000551387 -0.000911023 -0.000488210 -0.000250313 0.000968023
pos_voxels_65 0.020000000 0.005000000 0.000000000
U_voxels_65 0.134957366 -0.850398501 0.508536035 0.850398501 -0.163997725 -0.499927131 0.508536035 0.499927131 0.701044909
eps_voxels_65 -0.000110275 0.000603085 -0.000883439 -0.000300623 -0.000261142 0.000904994
pos_voxels_66 0.020000000 0.010000000 0.000000000
U_voxels_66 0.134957366 -0.850398501 0.508536035 0.850398501 -0.163997725 -0.499927131 0.508536035 0.499927131 0.701044909
eps_voxels_66 -0.000197593 0.000654784 -0.000855855 -0.000113036 -0.000271972 0.000841964
pos_voxels_67 0.020000000 0.015000000 0.000000000
U_voxels_67 0.134957366 -0.850398501 0.508536035 0.850398501 -0.163997725 -0.499927131 0.508536035 0.499927131 0.701044909
eps_voxels_67 -0.000284910 0.000706482 -0.000828271 0.000074551 -0.000282802 0.000778935
pos_voxels_68 0.020000000 0.020000000 0.000000000
U_voxels_68 0.134957366 -0.850398501 0.508536035 0.850398501 -0.163997725 -0.499927131 0.508536035 0.499927131 0.701044909
eps_voxels_68 -0.000372228 0.000758180 -0.000800687 0.000262138 -0.000293631 0.000715906
pos_voxels_69 0.025000000 -0.015000000 0.000000000
U_voxels_69 0.134777727 -0.850346705 0.508670272 0.850346705 -0.164273110 -0.499924821 0.508670272 0.499924821 0.700949162
eps_voxels_69 0.000233038 0.000361454 -0.001079792 -0.001103498 -0.000105787 0.001252836
pos_voxels_70 0.025000000 -0.010000000 0.000000000
U_voxels_70 0.134777727 -0.850346705 0.508670272 0.850346705 -0.164273110 -0.499924821 0.508670272 0.499924821 0.700949162
eps_voxels_70 0.000145746 0.000413219 -0.001052218 -0.000915938 -0.000116665 0.001189809
pos_voxels_71 0.025000000 -0.005000000 0.000000000
U_voxels_71 0.134777727 -0.850346705 0.508670272 0.850346705 -0.164273110 -0.499924821 0.508670272 0.499924821 0.700949162
eps_voxels_71 0.000058454 0.000464984 -0.001024644 -0.000728378 -0.000127543 0.001126781
pos_voxels_72 0.025000000 -0.000000000 0.000000000
U_voxels_72 0.134777727 -0.850346705 0.508670272 0.850346705 -0.164273110 -0.499924821 0.508670272 0.499924821 0.700949162
eps_voxels_72 -0.000028839 0.000516749 -0.000997071 -0.000540819 -0.000138421 0.001063754
pos_voxels_73 0.025000000 0.005000000 0.000000000
U_voxels_73 0.134777727 -0.850346705 0.508670272 0.850346705 -0.164273110 -0.499924821 0.508670272 0.499924821 0.700949162
eps_voxels_73 -0.000116131 0.000568515 -0.000969497 -0.000353259 -0.000149300 0.001000726
pos_voxels_74 0.025000000 0.010000000 0.000000000
U_voxels_74 0.134777727 -0.850346705 0.508670272 0.850346705 -0.164273110 -0.499924821 0.508670272 0.499924821 0.700949162
eps_voxels_74 -0.000203424 0.000620280 -0.000941923 -0.000165699 -0.000160178 0.000937699
pos_voxels_75 0.025000000 0.015000000 0.000000000
U_voxels_75 0.134777727 -0.850346705 0.508670272 0.850346705 -0.164273110 -0.499924821 0.508670272 0.499924821 0.700949162
eps_voxels_75 -0.000290716 0.000672045 -0.000914350 0.000021861 -0.000171056 0.000874671
pos_voxels_76 0.030000000 -0.000000000 0.000000000
U_voxels_76 0.134598122 -0.850294842 0.508804507 0.850294842 -0.164548475 -0.499922475 0.508804507 0.499922475 0.700853403
eps_voxels_76 -0.000034762 0.000482069 -0.001083051 -0.000593324 -0.000026441 0.001159422
