
direc 'Sn'
stem 'Sn_ssch'
make_image 0
output  'merged.flt' 'delta.flt' 'delta.gve' '.par' '.ubi'
#output  'merged.flt' '.par' '.ubi'
structure_phase_0 '/home/axel/workspace/scanning-3dxrd-simulations/ModelScanning3DXRD/scripts/simul/Sn.cif'
y_size 0.0500
z_size 0.0500
dety_size 2048
detz_size 2048
distance 162.888383321
tilt_x -0.00260053595757
tilt_y -0.00366923010272
tilt_z 0.00463564130438
o11 1
o12 0
o21 0
o22 -1
noise 0
intensity_const 1
lorentz_apply 1
beampol_apply 0
peakshape 0
wavelength 0.21878
beamflux 1e-12
beampol_factor 1
beampol_direct 0
dety_center 998.798998
detz_center 1041.55049636
omega_start 0
omega_end 180
omega_step 1.0
omega_sign 1
theta_min 0
theta_max 8
wedge -0.0142439915706
#spatial '/home/axel/workspace/fable/ModelScanning3DXRD/scripts/simul/frelon4m.spline'

no_voxels 360
voxel_grain_map {0:0,1:0,2:0,3:0,4:0,5:0,6:0,7:0,8:0,9:0,10:0,11:0,12:0,13:0,14:0,15:0,16:0,17:0,18:0,19:0,20:0,21:0,22:0,23:0,24:0,25:0,26:0,27:0,28:0,29:0,30:0,31:0,32:0,33:0,34:0,35:0,36:0,37:0,38:0,39:0,40:0,41:0,42:0,43:0,44:0,45:0,46:0,47:0,48:0,49:0,50:0,51:0,52:0,53:0,54:0,55:0,56:0,57:0,58:0,59:0,60:0,61:0,62:0,63:0,64:0,65:0,66:0,67:0,68:0,69:0,70:0,71:0,72:0,73:0,74:0,75:0,76:0,77:0,78:0,79:0,80:0,81:0,82:0,83:0,84:0,85:0,86:0,87:0,88:0,89:0,90:0,91:0,92:0,93:0,94:0,95:0,96:0,97:0,98:0,99:0,100:0,101:0,102:0,103:0,104:0,105:0,106:0,107:0,108:0,109:0,110:0,111:0,112:0,113:0,114:0,115:0,116:0,117:0,118:0,119:0,120:0,121:0,122:0,123:0,124:0,125:0,126:0,127:0,128:0,129:0,130:0,131:0,132:0,133:0,134:0,135:0,136:0,137:0,138:0,139:0,140:0,141:0,142:0,143:0,144:0,145:0,146:0,147:0,148:0,149:0,150:0,151:0,152:0,153:0,154:0,155:0,156:0,157:0,158:0,159:0,160:0,161:0,162:0,163:0,164:0,165:0,166:0,167:0,168:0,169:0,170:0,171:0,172:0,173:0,174:0,175:0,176:0,177:0,178:0,179:0,180:0,181:0,182:0,183:0,184:0,185:0,186:0,187:0,188:0,189:0,190:0,191:0,192:0,193:0,194:0,195:0,196:0,197:0,198:0,199:0,200:0,201:0,202:0,203:0,204:0,205:0,206:0,207:0,208:0,209:0,210:0,211:0,212:0,213:0,214:0,215:0,216:0,217:0,218:0,219:0,220:0,221:0,222:0,223:0,224:0,225:0,226:0,227:0,228:0,229:0,230:0,231:0,232:0,233:0,234:0,235:0,236:0,237:0,238:0,239:0,240:0,241:0,242:0,243:0,244:0,245:0,246:0,247:0,248:0,249:0,250:0,251:0,252:0,253:0,254:0,255:0,256:0,257:0,258:0,259:0,260:0,261:0,262:0,263:0,264:0,265:0,266:0,267:0,268:0,269:0,270:0,271:0,272:0,273:0,274:0,275:0,276:0,277:0,278:0,279:0,280:0,281:0,282:0,283:0,284:0,285:0,286:0,287:0,288:0,289:0,290:0,291:0,292:0,293:0,294:0,295:0,296:0,297:0,298:0,299:0,300:0,301:0,302:0,303:0,304:0,305:0,306:0,307:0,308:0,309:0,310:0,311:0,312:0,313:0,314:0,315:0,316:0,317:0,318:0,319:0,320:0,321:0,322:0,323:0,324:0,325:0,326:0,327:0,328:0,329:0,330:0,331:0,332:0,333:0,334:0,335:0,336:0,337:0,338:0,339:0,340:0,341:0,342:0,343:0,344:0,345:0,346:0,347:0,348:0,349:0,350:0,351:0,352:0,353:0,354:0,355:0,356:0,357:0,358:0,359:0}
gen_size 1 -0.006203566 0.000000000 100.000000000
sample_xyz 0.130000000 0.130000000 0.015000000
beam_width 0.005000000
gen_U 0
pos_voxels_0 -0.060000000 0.010000000 0.000000000
U_voxels_0 0.142728017 -0.852566069 0.502752236 0.852566069 -0.152114012 -0.499992425 0.502752236 0.499992425 0.705157971
eps_voxels_0 -0.000078043 0.000871285 0.000828621 0.000831585 -0.001762389 -0.000991850
pos_voxels_1 -0.060000000 0.015000000 0.000000000
U_voxels_1 0.142728017 -0.852566069 0.502752236 0.852566069 -0.152114012 -0.499992425 0.502752236 0.499992425 0.705157971
eps_voxels_1 -0.000166419 0.000920082 0.000856622 0.001020299 -0.001771127 -0.001054949
pos_voxels_2 -0.060000000 0.020000000 0.000000000
U_voxels_2 0.142728017 -0.852566069 0.502752236 0.852566069 -0.152114012 -0.499992425 0.502752236 0.499992425 0.705157971
eps_voxels_2 -0.000254795 0.000968879 0.000884624 0.001209013 -0.001779865 -0.001118047
pos_voxels_3 -0.055000000 0.010000000 0.000000000
U_voxels_3 0.142546968 -0.852517179 0.502886490 0.852517179 -0.152390262 -0.499991668 0.502886490 0.499991668 0.705062770
eps_voxels_3 -0.000082799 0.000838143 0.000740671 0.000776125 -0.001653377 -0.000894395
pos_voxels_4 -0.055000000 0.015000000 0.000000000
U_voxels_4 0.142546968 -0.852517179 0.502886490 0.852517179 -0.152390262 -0.499991668 0.502886490 0.499991668 0.705062770
eps_voxels_4 -0.000171151 0.000887007 0.000768663 0.000964814 -0.001662164 -0.000957492
pos_voxels_5 -0.055000000 0.020000000 0.000000000
U_voxels_5 0.142546968 -0.852517179 0.502886490 0.852517179 -0.152390262 -0.499991668 0.502886490 0.499991668 0.705062770
eps_voxels_5 -0.000259503 0.000935872 0.000796655 0.001153503 -0.001670950 -0.001020589
pos_voxels_6 -0.055000000 0.025000000 0.000000000
U_voxels_6 0.142546968 -0.852517179 0.502886490 0.852517179 -0.152390262 -0.499991668 0.502886490 0.499991668 0.705062770
eps_voxels_6 -0.000347854 0.000984737 0.000824647 0.001342191 -0.001679737 -0.001083686
pos_voxels_7 -0.055000000 0.030000000 0.000000000
U_voxels_7 0.142546968 -0.852517179 0.502886490 0.852517179 -0.152390262 -0.499991668 0.502886490 0.499991668 0.705062770
eps_voxels_7 -0.000436206 0.001033601 0.000852639 0.001530880 -0.001688524 -0.001146783
pos_voxels_8 -0.050000000 0.010000000 0.000000000
U_voxels_8 0.142365951 -0.852468221 0.503020744 0.852468221 -0.152666492 -0.499990875 0.503020744 0.499990875 0.704967557
eps_voxels_8 -0.000087596 0.000804956 0.000652787 0.000720767 -0.001544274 -0.000797000
pos_voxels_9 -0.050000000 0.015000000 0.000000000
U_voxels_9 0.142365951 -0.852468221 0.503020744 0.852468221 -0.152666492 -0.499990875 0.503020744 0.499990875 0.704967557
eps_voxels_9 -0.000175923 0.000853888 0.000680770 0.000909430 -0.001553110 -0.000860096
pos_voxels_10 -0.050000000 0.020000000 0.000000000
U_voxels_10 0.142365951 -0.852468221 0.503020744 0.852468221 -0.152666492 -0.499990875 0.503020744 0.499990875 0.704967557
eps_voxels_10 -0.000264251 0.000902820 0.000708753 0.001098094 -0.001561945 -0.000923192
pos_voxels_11 -0.050000000 0.025000000 0.000000000
U_voxels_11 0.142365951 -0.852468221 0.503020744 0.852468221 -0.152666492 -0.499990875 0.503020744 0.499990875 0.704967557
eps_voxels_11 -0.000352579 0.000951752 0.000736736 0.001286757 -0.001570780 -0.000986287
pos_voxels_12 -0.050000000 0.030000000 0.000000000
U_voxels_12 0.142365951 -0.852468221 0.503020744 0.852468221 -0.152666492 -0.499990875 0.503020744 0.499990875 0.704967557
eps_voxels_12 -0.000440906 0.001000685 0.000764719 0.001475420 -0.001579615 -0.001049383
pos_voxels_13 -0.050000000 0.035000000 0.000000000
U_voxels_13 0.142365951 -0.852468221 0.503020744 0.852468221 -0.152666492 -0.499990875 0.503020744 0.499990875 0.704967557
eps_voxels_13 -0.000529234 0.001049617 0.000792701 0.001664084 -0.001588450 -0.001112479
pos_voxels_14 -0.050000000 0.040000000 0.000000000
U_voxels_14 0.142365951 -0.852468221 0.503020744 0.852468221 -0.152666492 -0.499990875 0.503020744 0.499990875 0.704967557
eps_voxels_14 -0.000617562 0.001098549 0.000820684 0.001852747 -0.001597286 -0.001175575
pos_voxels_15 -0.045000000 0.010000000 0.000000000
U_voxels_15 0.142184967 -0.852419195 0.503154997 0.852419195 -0.152942702 -0.499990046 0.503154997 0.499990046 0.704872331
eps_voxels_15 -0.000092432 0.000771723 0.000564970 0.000665510 -0.001435080 -0.000699666
pos_voxels_16 -0.045000000 0.015000000 0.000000000
U_voxels_16 0.142184967 -0.852419195 0.503154997 0.852419195 -0.152942702 -0.499990046 0.503154997 0.499990046 0.704872331
eps_voxels_16 -0.000180736 0.000820723 0.000592944 0.000854148 -0.001443964 -0.000762761
pos_voxels_17 -0.045000000 0.020000000 0.000000000
U_voxels_17 0.142184967 -0.852419195 0.503154997 0.852419195 -0.152942702 -0.499990046 0.503154997 0.499990046 0.704872331
eps_voxels_17 -0.000269040 0.000869723 0.000620917 0.001042786 -0.001452848 -0.000825855
pos_voxels_18 -0.045000000 0.025000000 0.000000000
U_voxels_18 0.142184967 -0.852419195 0.503154997 0.852419195 -0.152942702 -0.499990046 0.503154997 0.499990046 0.704872331
eps_voxels_18 -0.000357343 0.000918723 0.000648891 0.001231424 -0.001461732 -0.000888950
pos_voxels_19 -0.045000000 0.030000000 0.000000000
U_voxels_19 0.142184967 -0.852419195 0.503154997 0.852419195 -0.152942702 -0.499990046 0.503154997 0.499990046 0.704872331
eps_voxels_19 -0.000445647 0.000967723 0.000676864 0.001420062 -0.001470616 -0.000952045
pos_voxels_20 -0.045000000 0.035000000 0.000000000
U_voxels_20 0.142184967 -0.852419195 0.503154997 0.852419195 -0.152942702 -0.499990046 0.503154997 0.499990046 0.704872331
eps_voxels_20 -0.000533951 0.001016723 0.000704838 0.001608700 -0.001479499 -0.001015139
pos_voxels_21 -0.045000000 0.040000000 0.000000000
U_voxels_21 0.142184967 -0.852419195 0.503154997 0.852419195 -0.152942702 -0.499990046 0.503154997 0.499990046 0.704872331
eps_voxels_21 -0.000622255 0.001065723 0.000732812 0.001797338 -0.001488383 -0.001078234
pos_voxels_22 -0.045000000 0.045000000 0.000000000
U_voxels_22 0.142184967 -0.852419195 0.503154997 0.852419195 -0.152942702 -0.499990046 0.503154997 0.499990046 0.704872331
eps_voxels_22 -0.000710558 0.001114723 0.000760785 0.001985976 -0.001497267 -0.001141328
pos_voxels_23 -0.040000000 0.010000000 0.000000000
U_voxels_23 0.142004015 -0.852370102 0.503289251 0.852370102 -0.153218893 -0.499989181 0.503289251 0.499989181 0.704777092
eps_voxels_23 -0.000097309 0.000738446 0.000477220 0.000610354 -0.001325795 -0.000602394
pos_voxels_24 -0.040000000 0.015000000 0.000000000
U_voxels_24 0.142004015 -0.852370102 0.503289251 0.852370102 -0.153218893 -0.499989181 0.503289251 0.499989181 0.704777092
eps_voxels_24 -0.000185589 0.000787513 0.000505184 0.000798967 -0.001334727 -0.000665487
pos_voxels_25 -0.040000000 0.020000000 0.000000000
U_voxels_25 0.142004015 -0.852370102 0.503289251 0.852370102 -0.153218893 -0.499989181 0.503289251 0.499989181 0.704777092
eps_voxels_25 -0.000273869 0.000836581 0.000533148 0.000987580 -0.001343660 -0.000728580
pos_voxels_26 -0.040000000 0.025000000 0.000000000
U_voxels_26 0.142004015 -0.852370102 0.503289251 0.852370102 -0.153218893 -0.499989181 0.503289251 0.499989181 0.704777092
eps_voxels_26 -0.000362149 0.000885648 0.000561113 0.001176192 -0.001352592 -0.000791674
pos_voxels_27 -0.040000000 0.030000000 0.000000000
U_voxels_27 0.142004015 -0.852370102 0.503289251 0.852370102 -0.153218893 -0.499989181 0.503289251 0.499989181 0.704777092
eps_voxels_27 -0.000450428 0.000934716 0.000589077 0.001364805 -0.001361525 -0.000854767
pos_voxels_28 -0.040000000 0.035000000 0.000000000
U_voxels_28 0.142004015 -0.852370102 0.503289251 0.852370102 -0.153218893 -0.499989181 0.503289251 0.499989181 0.704777092
eps_voxels_28 -0.000538708 0.000983784 0.000617041 0.001553418 -0.001370457 -0.000917860
pos_voxels_29 -0.040000000 0.040000000 0.000000000
U_voxels_29 0.142004015 -0.852370102 0.503289251 0.852370102 -0.153218893 -0.499989181 0.503289251 0.499989181 0.704777092
eps_voxels_29 -0.000626988 0.001032851 0.000645006 0.001742031 -0.001379390 -0.000980953
pos_voxels_30 -0.040000000 0.045000000 0.000000000
U_voxels_30 0.142004015 -0.852370102 0.503289251 0.852370102 -0.153218893 -0.499989181 0.503289251 0.499989181 0.704777092
eps_voxels_30 -0.000715267 0.001081919 0.000672970 0.001930643 -0.001388322 -0.001044046
pos_voxels_31 -0.040000000 0.050000000 0.000000000
U_voxels_31 0.142004015 -0.852370102 0.503289251 0.852370102 -0.153218893 -0.499989181 0.503289251 0.499989181 0.704777092
eps_voxels_31 -0.000803547 0.001130987 0.000700934 0.002119256 -0.001397254 -0.001107140
pos_voxels_32 -0.035000000 0.010000000 0.000000000
U_voxels_32 0.141823095 -0.852320940 0.503423504 0.852320940 -0.153495064 -0.499988279 0.503423504 0.499988279 0.704681840
eps_voxels_32 -0.000102227 0.000705123 0.000389536 0.000555300 -0.001216419 -0.000505183
pos_voxels_33 -0.035000000 0.015000000 0.000000000
U_voxels_33 0.141823095 -0.852320940 0.503423504 0.852320940 -0.153495064 -0.499988279 0.503423504 0.499988279 0.704681840
eps_voxels_33 -0.000190483 0.000754258 0.000417491 0.000743888 -0.001225400 -0.000568275
pos_voxels_34 -0.035000000 0.020000000 0.000000000
U_voxels_34 0.141823095 -0.852320940 0.503423504 0.852320940 -0.153495064 -0.499988279 0.503423504 0.499988279 0.704681840
eps_voxels_34 -0.000278738 0.000803394 0.000445446 0.000932475 -0.001234381 -0.000631367
pos_voxels_35 -0.035000000 0.025000000 0.000000000
U_voxels_35 0.141823095 -0.852320940 0.503423504 0.852320940 -0.153495064 -0.499988279 0.503423504 0.499988279 0.704681840
eps_voxels_35 -0.000366994 0.000852529 0.000473401 0.001121062 -0.001243362 -0.000694458
pos_voxels_36 -0.035000000 0.030000000 0.000000000
U_voxels_36 0.141823095 -0.852320940 0.503423504 0.852320940 -0.153495064 -0.499988279 0.503423504 0.499988279 0.704681840
eps_voxels_36 -0.000455250 0.000901664 0.000501356 0.001309650 -0.001252343 -0.000757550
pos_voxels_37 -0.035000000 0.035000000 0.000000000
U_voxels_37 0.141823095 -0.852320940 0.503423504 0.852320940 -0.153495064 -0.499988279 0.503423504 0.499988279 0.704681840
eps_voxels_37 -0.000543505 0.000950799 0.000529311 0.001498237 -0.001261324 -0.000820642
pos_voxels_38 -0.035000000 0.040000000 0.000000000
U_voxels_38 0.141823095 -0.852320940 0.503423504 0.852320940 -0.153495064 -0.499988279 0.503423504 0.499988279 0.704681840
eps_voxels_38 -0.000631761 0.000999935 0.000557266 0.001686824 -0.001270305 -0.000883734
pos_voxels_39 -0.035000000 0.045000000 0.000000000
U_voxels_39 0.141823095 -0.852320940 0.503423504 0.852320940 -0.153495064 -0.499988279 0.503423504 0.499988279 0.704681840
eps_voxels_39 -0.000720017 0.001049070 0.000585221 0.001875412 -0.001279286 -0.000946826
pos_voxels_40 -0.035000000 0.050000000 0.000000000
U_voxels_40 0.141823095 -0.852320940 0.503423504 0.852320940 -0.153495064 -0.499988279 0.503423504 0.499988279 0.704681840
eps_voxels_40 -0.000808272 0.001098205 0.000613176 0.002063999 -0.001288267 -0.001009918
pos_voxels_41 -0.030000000 0.010000000 0.000000000
U_voxels_41 0.141642208 -0.852271712 0.503557757 0.852271712 -0.153771216 -0.499987342 0.503557757 0.499987342 0.704586576
eps_voxels_41 -0.000107185 0.000671756 0.000301919 0.000500348 -0.001106951 -0.000408033
pos_voxels_42 -0.030000000 0.015000000 0.000000000
U_voxels_42 0.141642208 -0.852271712 0.503557757 0.852271712 -0.153771216 -0.499987342 0.503557757 0.499987342 0.704586576
eps_voxels_42 -0.000195416 0.000720959 0.000329865 0.000688910 -0.001115981 -0.000471123
pos_voxels_43 -0.030000000 0.020000000 0.000000000
U_voxels_43 0.141642208 -0.852271712 0.503557757 0.852271712 -0.153771216 -0.499987342 0.503557757 0.499987342 0.704586576
eps_voxels_43 -0.000283648 0.000770161 0.000357810 0.000877472 -0.001125010 -0.000534214
pos_voxels_44 -0.030000000 0.025000000 0.000000000
U_voxels_44 0.141642208 -0.852271712 0.503557757 0.852271712 -0.153771216 -0.499987342 0.503557757 0.499987342 0.704586576
eps_voxels_44 -0.000371880 0.000819364 0.000385756 0.001066034 -0.001134040 -0.000597304
pos_voxels_45 -0.030000000 0.030000000 0.000000000
U_voxels_45 0.141642208 -0.852271712 0.503557757 0.852271712 -0.153771216 -0.499987342 0.503557757 0.499987342 0.704586576
eps_voxels_45 -0.000460111 0.000868567 0.000413702 0.001254596 -0.001143070 -0.000660395
pos_voxels_46 -0.030000000 0.035000000 0.000000000
U_voxels_46 0.141642208 -0.852271712 0.503557757 0.852271712 -0.153771216 -0.499987342 0.503557757 0.499987342 0.704586576
eps_voxels_46 -0.000548343 0.000917770 0.000441648 0.001443158 -0.001152099 -0.000723486
pos_voxels_47 -0.030000000 0.040000000 0.000000000
U_voxels_47 0.141642208 -0.852271712 0.503557757 0.852271712 -0.153771216 -0.499987342 0.503557757 0.499987342 0.704586576
eps_voxels_47 -0.000636574 0.000966973 0.000469593 0.001631720 -0.001161129 -0.000786576
pos_voxels_48 -0.030000000 0.045000000 0.000000000
U_voxels_48 0.141642208 -0.852271712 0.503557757 0.852271712 -0.153771216 -0.499987342 0.503557757 0.499987342 0.704586576
eps_voxels_48 -0.000724806 0.001016176 0.000497539 0.001820282 -0.001170158 -0.000849667
pos_voxels_49 -0.030000000 0.050000000 0.000000000
U_voxels_49 0.141642208 -0.852271712 0.503557757 0.852271712 -0.153771216 -0.499987342 0.503557757 0.499987342 0.704586576
eps_voxels_49 -0.000813038 0.001065379 0.000525485 0.002008843 -0.001179188 -0.000912757
pos_voxels_50 -0.030000000 0.055000000 0.000000000
U_voxels_50 0.141642208 -0.852271712 0.503557757 0.852271712 -0.153771216 -0.499987342 0.503557757 0.499987342 0.704586576
eps_voxels_50 -0.000901269 0.001114582 0.000553430 0.002197405 -0.001188218 -0.000975848
pos_voxels_51 -0.025000000 0.010000000 0.000000000
U_voxels_51 0.141461353 -0.852222416 0.503692009 0.852222416 -0.154047348 -0.499986369 0.503692009 0.499986369 0.704491299
eps_voxels_51 -0.000112183 0.000638343 0.000214369 0.000445498 -0.000997393 -0.000310944
pos_voxels_52 -0.025000000 0.015000000 0.000000000
U_voxels_52 0.141461353 -0.852222416 0.503692009 0.852222416 -0.154047348 -0.499986369 0.503692009 0.499986369 0.704491299
eps_voxels_52 -0.000200391 0.000687614 0.000242305 0.000634034 -0.001006471 -0.000374033
pos_voxels_53 -0.025000000 0.020000000 0.000000000
U_voxels_53 0.141461353 -0.852222416 0.503692009 0.852222416 -0.154047348 -0.499986369 0.503692009 0.499986369 0.704491299
eps_voxels_53 -0.000288598 0.000736885 0.000270242 0.000822571 -0.001015549 -0.000437123
pos_voxels_54 -0.025000000 0.025000000 0.000000000
U_voxels_54 0.141461353 -0.852222416 0.503692009 0.852222416 -0.154047348 -0.499986369 0.503692009 0.499986369 0.704491299
eps_voxels_54 -0.000376806 0.000786155 0.000298178 0.001011107 -0.001024627 -0.000500212
pos_voxels_55 -0.025000000 0.030000000 0.000000000
U_voxels_55 0.141461353 -0.852222416 0.503692009 0.852222416 -0.154047348 -0.499986369 0.503692009 0.499986369 0.704491299
eps_voxels_55 -0.000465013 0.000835426 0.000326114 0.001199644 -0.001033705 -0.000563301
pos_voxels_56 -0.025000000 0.035000000 0.000000000
U_voxels_56 0.141461353 -0.852222416 0.503692009 0.852222416 -0.154047348 -0.499986369 0.503692009 0.499986369 0.704491299
eps_voxels_56 -0.000553221 0.000884696 0.000354051 0.001388180 -0.001042784 -0.000626390
pos_voxels_57 -0.025000000 0.040000000 0.000000000
U_voxels_57 0.141461353 -0.852222416 0.503692009 0.852222416 -0.154047348 -0.499986369 0.503692009 0.499986369 0.704491299
eps_voxels_57 -0.000641428 0.000933967 0.000381987 0.001576716 -0.001051862 -0.000689479
pos_voxels_58 -0.025000000 0.045000000 0.000000000
U_voxels_58 0.141461353 -0.852222416 0.503692009 0.852222416 -0.154047348 -0.499986369 0.503692009 0.499986369 0.704491299
eps_voxels_58 -0.000729636 0.000983237 0.000409923 0.001765253 -0.001060940 -0.000752568
pos_voxels_59 -0.025000000 0.050000000 0.000000000
U_voxels_59 0.141461353 -0.852222416 0.503692009 0.852222416 -0.154047348 -0.499986369 0.503692009 0.499986369 0.704491299
eps_voxels_59 -0.000817843 0.001032508 0.000437860 0.001953789 -0.001070018 -0.000815658
pos_voxels_60 -0.025000000 0.055000000 0.000000000
U_voxels_60 0.141461353 -0.852222416 0.503692009 0.852222416 -0.154047348 -0.499986369 0.503692009 0.499986369 0.704491299
eps_voxels_60 -0.000906051 0.001081778 0.000465796 0.002142326 -0.001079097 -0.000878747
pos_voxels_61 -0.020000000 0.010000000 0.000000000
U_voxels_61 0.141280530 -0.852173052 0.503826261 0.852173052 -0.154323460 -0.499985360 0.503826261 0.499985360 0.704396010
eps_voxels_61 -0.000117222 0.000604886 0.000126886 0.000390749 -0.000887743 -0.000213917
pos_voxels_62 -0.020000000 0.015000000 0.000000000
U_voxels_62 0.141280530 -0.852173052 0.503826261 0.852173052 -0.154323460 -0.499985360 0.503826261 0.499985360 0.704396010
eps_voxels_62 -0.000205406 0.000654225 0.000154813 0.000579260 -0.000896870 -0.000277005
pos_voxels_63 -0.020000000 0.020000000 0.000000000
U_voxels_63 0.141280530 -0.852173052 0.503826261 0.852173052 -0.154323460 -0.499985360 0.503826261 0.499985360 0.704396010
eps_voxels_63 -0.000293589 0.000703563 0.000182740 0.000767771 -0.000905997 -0.000340093
pos_voxels_64 -0.020000000 0.025000000 0.000000000
U_voxels_64 0.141280530 -0.852173052 0.503826261 0.852173052 -0.154323460 -0.499985360 0.503826261 0.499985360 0.704396010
eps_voxels_64 -0.000381772 0.000752901 0.000210667 0.000956282 -0.000915123 -0.000403180
pos_voxels_65 -0.020000000 0.030000000 0.000000000
U_voxels_65 0.141280530 -0.852173052 0.503826261 0.852173052 -0.154323460 -0.499985360 0.503826261 0.499985360 0.704396010
eps_voxels_65 -0.000469956 0.000802239 0.000238594 0.001144793 -0.000924250 -0.000466268
pos_voxels_66 -0.020000000 0.035000000 0.000000000
U_voxels_66 0.141280530 -0.852173052 0.503826261 0.852173052 -0.154323460 -0.499985360 0.503826261 0.499985360 0.704396010
eps_voxels_66 -0.000558139 0.000851577 0.000266520 0.001333304 -0.000933377 -0.000529356
pos_voxels_67 -0.020000000 0.040000000 0.000000000
U_voxels_67 0.141280530 -0.852173052 0.503826261 0.852173052 -0.154323460 -0.499985360 0.503826261 0.499985360 0.704396010
eps_voxels_67 -0.000646322 0.000900915 0.000294447 0.001521815 -0.000942504 -0.000592444
pos_voxels_68 -0.020000000 0.045000000 0.000000000
U_voxels_68 0.141280530 -0.852173052 0.503826261 0.852173052 -0.154323460 -0.499985360 0.503826261 0.499985360 0.704396010
eps_voxels_68 -0.000734506 0.000950253 0.000322374 0.001710326 -0.000951631 -0.000655531
pos_voxels_69 -0.020000000 0.050000000 0.000000000
U_voxels_69 0.141280530 -0.852173052 0.503826261 0.852173052 -0.154323460 -0.499985360 0.503826261 0.499985360 0.704396010
eps_voxels_69 -0.000822689 0.000999591 0.000350301 0.001898837 -0.000960758 -0.000718619
pos_voxels_70 -0.020000000 0.055000000 0.000000000
U_voxels_70 0.141280530 -0.852173052 0.503826261 0.852173052 -0.154323460 -0.499985360 0.503826261 0.499985360 0.704396010
eps_voxels_70 -0.000910872 0.001048930 0.000378228 0.002087347 -0.000969884 -0.000781707
pos_voxels_71 -0.020000000 0.060000000 0.000000000
U_voxels_71 0.141280530 -0.852173052 0.503826261 0.852173052 -0.154323460 -0.499985360 0.503826261 0.499985360 0.704396010
eps_voxels_71 -0.000999056 0.001098268 0.000406155 0.002275858 -0.000979011 -0.000844795
pos_voxels_72 -0.015000000 0.005000000 0.000000000
U_voxels_72 0.141099740 -0.852123620 0.503960513 0.852123620 -0.154599552 -0.499984314 0.503960513 0.499984314 0.704300707
eps_voxels_72 -0.000034143 0.000521979 0.000011552 0.000147617 -0.000768827 -0.000053865
pos_voxels_73 -0.015000000 0.010000000 0.000000000
U_voxels_73 0.141099740 -0.852123620 0.503960513 0.852123620 -0.154599552 -0.499984314 0.503960513 0.499984314 0.704300707
eps_voxels_73 -0.000122302 0.000571385 0.000039469 0.000336103 -0.000778003 -0.000116951
pos_voxels_74 -0.015000000 0.015000000 0.000000000
U_voxels_74 0.141099740 -0.852123620 0.503960513 0.852123620 -0.154599552 -0.499984314 0.503960513 0.499984314 0.704300707
eps_voxels_74 -0.000210461 0.000620791 0.000067387 0.000524588 -0.000787178 -0.000180037
pos_voxels_75 -0.015000000 0.020000000 0.000000000
U_voxels_75 0.141099740 -0.852123620 0.503960513 0.852123620 -0.154599552 -0.499984314 0.503960513 0.499984314 0.704300707
eps_voxels_75 -0.000298620 0.000670196 0.000095304 0.000713073 -0.000796353 -0.000243124
pos_voxels_76 -0.015000000 0.025000000 0.000000000
U_voxels_76 0.141099740 -0.852123620 0.503960513 0.852123620 -0.154599552 -0.499984314 0.503960513 0.499984314 0.704300707
eps_voxels_76 -0.000386779 0.000719602 0.000123222 0.000901559 -0.000805529 -0.000306210
pos_voxels_77 -0.015000000 0.030000000 0.000000000
U_voxels_77 0.141099740 -0.852123620 0.503960513 0.852123620 -0.154599552 -0.499984314 0.503960513 0.499984314 0.704300707
eps_voxels_77 -0.000474938 0.000769008 0.000151140 0.001090044 -0.000814704 -0.000369297
pos_voxels_78 -0.015000000 0.035000000 0.000000000
U_voxels_78 0.141099740 -0.852123620 0.503960513 0.852123620 -0.154599552 -0.499984314 0.503960513 0.499984314 0.704300707
eps_voxels_78 -0.000563098 0.000818413 0.000179057 0.001278529 -0.000823880 -0.000432383
pos_voxels_79 -0.015000000 0.040000000 0.000000000
U_voxels_79 0.141099740 -0.852123620 0.503960513 0.852123620 -0.154599552 -0.499984314 0.503960513 0.499984314 0.704300707
eps_voxels_79 -0.000651257 0.000867819 0.000206975 0.001467015 -0.000833055 -0.000495469
pos_voxels_80 -0.015000000 0.045000000 0.000000000
U_voxels_80 0.141099740 -0.852123620 0.503960513 0.852123620 -0.154599552 -0.499984314 0.503960513 0.499984314 0.704300707
eps_voxels_80 -0.000739416 0.000917225 0.000234892 0.001655500 -0.000842231 -0.000558556
pos_voxels_81 -0.015000000 0.050000000 0.000000000
U_voxels_81 0.141099740 -0.852123620 0.503960513 0.852123620 -0.154599552 -0.499984314 0.503960513 0.499984314 0.704300707
eps_voxels_81 -0.000827575 0.000966630 0.000262810 0.001843985 -0.000851406 -0.000621642
pos_voxels_82 -0.015000000 0.055000000 0.000000000
U_voxels_82 0.141099740 -0.852123620 0.503960513 0.852123620 -0.154599552 -0.499984314 0.503960513 0.499984314 0.704300707
eps_voxels_82 -0.000915734 0.001016036 0.000290727 0.002032471 -0.000860581 -0.000684728
pos_voxels_83 -0.015000000 0.060000000 0.000000000
U_voxels_83 0.141099740 -0.852123620 0.503960513 0.852123620 -0.154599552 -0.499984314 0.503960513 0.499984314 0.704300707
eps_voxels_83 -0.001003894 0.001065442 0.000318645 0.002220956 -0.000869757 -0.000747815
pos_voxels_84 -0.010000000 0.005000000 0.000000000
U_voxels_84 0.140918983 -0.852074121 0.504094765 0.852074121 -0.154875625 -0.499983233 0.504094765 0.499983233 0.704205393
eps_voxels_84 -0.000039287 0.000488365 -0.000075788 0.000093098 -0.000658947 0.000043038
pos_voxels_85 -0.010000000 0.010000000 0.000000000
U_voxels_85 0.140918983 -0.852074121 0.504094765 0.852074121 -0.154875625 -0.499983233 0.504094765 0.499983233 0.704205393
eps_voxels_85 -0.000127422 0.000537839 -0.000047880 0.000281558 -0.000668171 -0.000020046
pos_voxels_86 -0.010000000 0.015000000 0.000000000
U_voxels_86 0.140918983 -0.852074121 0.504094765 0.852074121 -0.154875625 -0.499983233 0.504094765 0.499983233 0.704205393
eps_voxels_86 -0.000215557 0.000587312 -0.000019972 0.000470018 -0.000677395 -0.000083131
pos_voxels_87 -0.010000000 0.020000000 0.000000000
U_voxels_87 0.140918983 -0.852074121 0.504094765 0.852074121 -0.154875625 -0.499983233 0.504094765 0.499983233 0.704205393
eps_voxels_87 -0.000303692 0.000636785 0.000007936 0.000658478 -0.000686619 -0.000146216
pos_voxels_88 -0.010000000 0.025000000 0.000000000
U_voxels_88 0.140918983 -0.852074121 0.504094765 0.852074121 -0.154875625 -0.499983233 0.504094765 0.499983233 0.704205393
eps_voxels_88 -0.000391827 0.000686258 0.000035844 0.000846937 -0.000695843 -0.000209301
pos_voxels_89 -0.010000000 0.030000000 0.000000000
U_voxels_89 0.140918983 -0.852074121 0.504094765 0.852074121 -0.154875625 -0.499983233 0.504094765 0.499983233 0.704205393
eps_voxels_89 -0.000479962 0.000735732 0.000063752 0.001035397 -0.000705067 -0.000272386
pos_voxels_90 -0.010000000 0.035000000 0.000000000
U_voxels_90 0.140918983 -0.852074121 0.504094765 0.852074121 -0.154875625 -0.499983233 0.504094765 0.499983233 0.704205393
eps_voxels_90 -0.000568097 0.000785205 0.000091660 0.001223857 -0.000714291 -0.000335471
pos_voxels_91 -0.010000000 0.040000000 0.000000000
U_voxels_91 0.140918983 -0.852074121 0.504094765 0.852074121 -0.154875625 -0.499983233 0.504094765 0.499983233 0.704205393
eps_voxels_91 -0.000656232 0.000834678 0.000119569 0.001412316 -0.000723515 -0.000398556
pos_voxels_92 -0.010000000 0.045000000 0.000000000
U_voxels_92 0.140918983 -0.852074121 0.504094765 0.852074121 -0.154875625 -0.499983233 0.504094765 0.499983233 0.704205393
eps_voxels_92 -0.000744367 0.000884151 0.000147477 0.001600776 -0.000732739 -0.000461641
pos_voxels_93 -0.010000000 0.050000000 0.000000000
U_voxels_93 0.140918983 -0.852074121 0.504094765 0.852074121 -0.154875625 -0.499983233 0.504094765 0.499983233 0.704205393
eps_voxels_93 -0.000832502 0.000933625 0.000175385 0.001789236 -0.000741963 -0.000524726
pos_voxels_94 -0.010000000 0.055000000 0.000000000
U_voxels_94 0.140918983 -0.852074121 0.504094765 0.852074121 -0.154875625 -0.499983233 0.504094765 0.499983233 0.704205393
eps_voxels_94 -0.000920637 0.000983098 0.000203293 0.001977696 -0.000751187 -0.000587811
pos_voxels_95 -0.010000000 0.060000000 0.000000000
U_voxels_95 0.140918983 -0.852074121 0.504094765 0.852074121 -0.154875625 -0.499983233 0.504094765 0.499983233 0.704205393
eps_voxels_95 -0.001008772 0.001032571 0.000231201 0.002166155 -0.000760411 -0.000650896
pos_voxels_96 -0.005000000 0.000000000 0.000000000
U_voxels_96 0.140738258 -0.852024555 0.504229017 0.852024555 -0.155151677 -0.499982115 0.504229017 0.499982115 0.704110065
eps_voxels_96 0.000043639 0.000405166 -0.000190960 -0.000149753 -0.000539704 0.000202964
pos_voxels_97 -0.005000000 0.005000000 0.000000000
U_voxels_97 0.140738258 -0.852024555 0.504229017 0.852024555 -0.155151677 -0.499982115 0.504229017 0.499982115 0.704110065
eps_voxels_97 -0.000044472 0.000454707 -0.000163062 0.000038681 -0.000548977 0.000139880
pos_voxels_98 -0.005000000 0.010000000 0.000000000
U_voxels_98 0.140738258 -0.852024555 0.504229017 0.852024555 -0.155151677 -0.499982115 0.504229017 0.499982115 0.704110065
eps_voxels_98 -0.000132583 0.000504248 -0.000135163 0.000227115 -0.000558249 0.000076797
pos_voxels_99 -0.005000000 0.015000000 0.000000000
U_voxels_99 0.140738258 -0.852024555 0.504229017 0.852024555 -0.155151677 -0.499982115 0.504229017 0.499982115 0.704110065
eps_voxels_99 -0.000220693 0.000553789 -0.000107264 0.000415550 -0.000567522 0.000013713
pos_voxels_100 -0.005000000 0.020000000 0.000000000
U_voxels_100 0.140738258 -0.852024555 0.504229017 0.852024555 -0.155151677 -0.499982115 0.504229017 0.499982115 0.704110065
eps_voxels_100 -0.000308804 0.000603329 -0.000079365 0.000603984 -0.000576794 -0.000049371
pos_voxels_101 -0.005000000 0.025000000 0.000000000
U_voxels_101 0.140738258 -0.852024555 0.504229017 0.852024555 -0.155151677 -0.499982115 0.504229017 0.499982115 0.704110065
eps_voxels_101 -0.000396915 0.000652870 -0.000051467 0.000792418 -0.000586067 -0.000112454
pos_voxels_102 -0.005000000 0.030000000 0.000000000
U_voxels_102 0.140738258 -0.852024555 0.504229017 0.852024555 -0.155151677 -0.499982115 0.504229017 0.499982115 0.704110065
eps_voxels_102 -0.000485026 0.000702411 -0.000023568 0.000980852 -0.000595340 -0.000175538
pos_voxels_103 -0.005000000 0.035000000 0.000000000
U_voxels_103 0.140738258 -0.852024555 0.504229017 0.852024555 -0.155151677 -0.499982115 0.504229017 0.499982115 0.704110065
eps_voxels_103 -0.000573136 0.000751952 0.000004331 0.001169286 -0.000604612 -0.000238621
pos_voxels_104 -0.005000000 0.040000000 0.000000000
U_voxels_104 0.140738258 -0.852024555 0.504229017 0.852024555 -0.155151677 -0.499982115 0.504229017 0.499982115 0.704110065
eps_voxels_104 -0.000661247 0.000801493 0.000032229 0.001357720 -0.000613885 -0.000301705
pos_voxels_105 -0.005000000 0.045000000 0.000000000
U_voxels_105 0.140738258 -0.852024555 0.504229017 0.852024555 -0.155151677 -0.499982115 0.504229017 0.499982115 0.704110065
eps_voxels_105 -0.000749358 0.000851033 0.000060128 0.001546154 -0.000623157 -0.000364788
pos_voxels_106 -0.005000000 0.050000000 0.000000000
U_voxels_106 0.140738258 -0.852024555 0.504229017 0.852024555 -0.155151677 -0.499982115 0.504229017 0.499982115 0.704110065
eps_voxels_106 -0.000837469 0.000900574 0.000088027 0.001734588 -0.000632430 -0.000427872
pos_voxels_107 -0.005000000 0.055000000 0.000000000
U_voxels_107 0.140738258 -0.852024555 0.504229017 0.852024555 -0.155151677 -0.499982115 0.504229017 0.499982115 0.704110065
eps_voxels_107 -0.000925579 0.000950115 0.000115926 0.001923022 -0.000641703 -0.000490955
pos_voxels_108 -0.005000000 0.060000000 0.000000000
U_voxels_108 0.140738258 -0.852024555 0.504229017 0.852024555 -0.155151677 -0.499982115 0.504229017 0.499982115 0.704110065
eps_voxels_108 -0.001013690 0.000999656 0.000143824 0.002111456 -0.000650975 -0.000554039
pos_voxels_109 0.000000000 -0.005000000 0.000000000
U_voxels_109 0.140557565 -0.851974920 0.504363268 0.851974920 -0.155427710 -0.499980962 0.504363268 0.499980962 0.704014724
eps_voxels_109 0.000126476 0.000321788 -0.000306046 -0.000392450 -0.000420273 0.000362824
pos_voxels_110 0.000000000 0.000000000 0.000000000
U_voxels_110 0.140557565 -0.851974920 0.504363268 0.851974920 -0.155427710 -0.499980962 0.504363268 0.499980962 0.704014724
eps_voxels_110 0.000038389 0.000371396 -0.000278157 -0.000204042 -0.000429594 0.000299742
pos_voxels_111 0.000000000 0.005000000 0.000000000
U_voxels_111 0.140557565 -0.851974920 0.504363268 0.851974920 -0.155427710 -0.499980962 0.504363268 0.499980962 0.704014724
eps_voxels_111 -0.000049697 0.000421004 -0.000250268 -0.000015633 -0.000438915 0.000236660
pos_voxels_112 0.000000000 0.010000000 0.000000000
U_voxels_112 0.140557565 -0.851974920 0.504363268 0.851974920 -0.155427710 -0.499980962 0.504363268 0.499980962 0.704014724
eps_voxels_112 -0.000137784 0.000470613 -0.000222378 0.000172775 -0.000448237 0.000173578
pos_voxels_113 0.000000000 0.015000000 0.000000000
U_voxels_113 0.140557565 -0.851974920 0.504363268 0.851974920 -0.155427710 -0.499980962 0.504363268 0.499980962 0.704014724
eps_voxels_113 -0.000225870 0.000520221 -0.000194489 0.000361183 -0.000457558 0.000110496
pos_voxels_114 0.000000000 0.020000000 0.000000000
U_voxels_114 0.140557565 -0.851974920 0.504363268 0.851974920 -0.155427710 -0.499980962 0.504363268 0.499980962 0.704014724
eps_voxels_114 -0.000313957 0.000569829 -0.000166600 0.000549592 -0.000466879 0.000047414
pos_voxels_115 0.000000000 0.025000000 0.000000000
U_voxels_115 0.140557565 -0.851974920 0.504363268 0.851974920 -0.155427710 -0.499980962 0.504363268 0.499980962 0.704014724
eps_voxels_115 -0.000402043 0.000619438 -0.000138711 0.000738000 -0.000476200 -0.000015668
pos_voxels_116 0.000000000 0.030000000 0.000000000
U_voxels_116 0.140557565 -0.851974920 0.504363268 0.851974920 -0.155427710 -0.499980962 0.504363268 0.499980962 0.704014724
eps_voxels_116 -0.000490130 0.000669046 -0.000110821 0.000926409 -0.000485521 -0.000078750
pos_voxels_117 0.000000000 0.035000000 0.000000000
U_voxels_117 0.140557565 -0.851974920 0.504363268 0.851974920 -0.155427710 -0.499980962 0.504363268 0.499980962 0.704014724
eps_voxels_117 -0.000578216 0.000718654 -0.000082932 0.001114817 -0.000494842 -0.000141832
pos_voxels_118 0.000000000 0.040000000 0.000000000
U_voxels_118 0.140557565 -0.851974920 0.504363268 0.851974920 -0.155427710 -0.499980962 0.504363268 0.499980962 0.704014724
eps_voxels_118 -0.000666303 0.000768263 -0.000055043 0.001303225 -0.000504164 -0.000204915
pos_voxels_119 0.000000000 0.045000000 0.000000000
U_voxels_119 0.140557565 -0.851974920 0.504363268 0.851974920 -0.155427710 -0.499980962 0.504363268 0.499980962 0.704014724
eps_voxels_119 -0.000754389 0.000817871 -0.000027154 0.001491634 -0.000513485 -0.000267997
pos_voxels_120 0.000000000 0.050000000 0.000000000
U_voxels_120 0.140557565 -0.851974920 0.504363268 0.851974920 -0.155427710 -0.499980962 0.504363268 0.499980962 0.704014724
eps_voxels_120 -0.000842476 0.000867479 0.000000736 0.001680042 -0.000522806 -0.000331079
pos_voxels_121 0.000000000 0.055000000 0.000000000
U_voxels_121 0.140557565 -0.851974920 0.504363268 0.851974920 -0.155427710 -0.499980962 0.504363268 0.499980962 0.704014724
eps_voxels_121 -0.000930562 0.000917088 0.000028625 0.001868450 -0.000532127 -0.000394161
pos_voxels_122 0.000000000 0.060000000 0.000000000
U_voxels_122 0.140557565 -0.851974920 0.504363268 0.851974920 -0.155427710 -0.499980962 0.504363268 0.499980962 0.704014724
eps_voxels_122 -0.001018649 0.000966696 0.000056514 0.002056859 -0.000541448 -0.000457243
pos_voxels_123 0.005000000 -0.015000000 0.000000000
U_voxels_123 0.140376905 -0.851925219 0.504497519 0.851925219 -0.155703723 -0.499979772 0.504497519 0.499979772 0.703919371
eps_voxels_123 0.000297285 0.000188554 -0.000448926 -0.000823376 -0.000291284 0.000585701
pos_voxels_124 0.005000000 -0.010000000 0.000000000
U_voxels_124 0.140376905 -0.851925219 0.504497519 0.851925219 -0.155703723 -0.499979772 0.504497519 0.499979772 0.703919371
eps_voxels_124 0.000209223 0.000238230 -0.000421046 -0.000634994 -0.000300654 0.000522621
pos_voxels_125 0.005000000 -0.005000000 0.000000000
U_voxels_125 0.140376905 -0.851925219 0.504497519 0.851925219 -0.155703723 -0.499979772 0.504497519 0.499979772 0.703919371
eps_voxels_125 0.000121161 0.000287905 -0.000393166 -0.000446611 -0.000310024 0.000459540
pos_voxels_126 0.005000000 0.000000000 0.000000000
U_voxels_126 0.140376905 -0.851925219 0.504497519 0.851925219 -0.155703723 -0.499979772 0.504497519 0.499979772 0.703919371
eps_voxels_126 0.000033099 0.000337581 -0.000365286 -0.000258228 -0.000319394 0.000396459
pos_voxels_127 0.005000000 0.005000000 0.000000000
U_voxels_127 0.140376905 -0.851925219 0.504497519 0.851925219 -0.155703723 -0.499979772 0.504497519 0.499979772 0.703919371
eps_voxels_127 -0.000054964 0.000387257 -0.000337407 -0.000069846 -0.000328763 0.000333379
pos_voxels_128 0.005000000 0.010000000 0.000000000
U_voxels_128 0.140376905 -0.851925219 0.504497519 0.851925219 -0.155703723 -0.499979772 0.504497519 0.499979772 0.703919371
eps_voxels_128 -0.000143026 0.000436933 -0.000309527 0.000118537 -0.000338133 0.000270298
pos_voxels_129 0.005000000 0.015000000 0.000000000
U_voxels_129 0.140376905 -0.851925219 0.504497519 0.851925219 -0.155703723 -0.499979772 0.504497519 0.499979772 0.703919371
eps_voxels_129 -0.000231088 0.000486609 -0.000281647 0.000306919 -0.000347503 0.000207217
pos_voxels_130 0.005000000 0.020000000 0.000000000
U_voxels_130 0.140376905 -0.851925219 0.504497519 0.851925219 -0.155703723 -0.499979772 0.504497519 0.499979772 0.703919371
eps_voxels_130 -0.000319150 0.000536285 -0.000253767 0.000495302 -0.000356873 0.000144137
pos_voxels_131 0.005000000 0.025000000 0.000000000
U_voxels_131 0.140376905 -0.851925219 0.504497519 0.851925219 -0.155703723 -0.499979772 0.504497519 0.499979772 0.703919371
eps_voxels_131 -0.000407212 0.000585960 -0.000225888 0.000683685 -0.000366242 0.000081056
pos_voxels_132 0.005000000 0.030000000 0.000000000
U_voxels_132 0.140376905 -0.851925219 0.504497519 0.851925219 -0.155703723 -0.499979772 0.504497519 0.499979772 0.703919371
eps_voxels_132 -0.000495275 0.000635636 -0.000198008 0.000872067 -0.000375612 0.000017975
pos_voxels_133 0.005000000 0.035000000 0.000000000
U_voxels_133 0.140376905 -0.851925219 0.504497519 0.851925219 -0.155703723 -0.499979772 0.504497519 0.499979772 0.703919371
eps_voxels_133 -0.000583337 0.000685312 -0.000170128 0.001060450 -0.000384982 -0.000045105
pos_voxels_134 0.005000000 0.040000000 0.000000000
U_voxels_134 0.140376905 -0.851925219 0.504497519 0.851925219 -0.155703723 -0.499979772 0.504497519 0.499979772 0.703919371
eps_voxels_134 -0.000671399 0.000734988 -0.000142248 0.001248833 -0.000394352 -0.000108186
pos_voxels_135 0.005000000 0.045000000 0.000000000
U_voxels_135 0.140376905 -0.851925219 0.504497519 0.851925219 -0.155703723 -0.499979772 0.504497519 0.499979772 0.703919371
eps_voxels_135 -0.000759461 0.000784664 -0.000114369 0.001437215 -0.000403721 -0.000171266
pos_voxels_136 0.005000000 0.050000000 0.000000000
U_voxels_136 0.140376905 -0.851925219 0.504497519 0.851925219 -0.155703723 -0.499979772 0.504497519 0.499979772 0.703919371
eps_voxels_136 -0.000847523 0.000834340 -0.000086489 0.001625598 -0.000413091 -0.000234347
pos_voxels_137 0.005000000 0.055000000 0.000000000
U_voxels_137 0.140376905 -0.851925219 0.504497519 0.851925219 -0.155703723 -0.499979772 0.504497519 0.499979772 0.703919371
eps_voxels_137 -0.000935586 0.000884016 -0.000058609 0.001813981 -0.000422461 -0.000297428
pos_voxels_138 0.005000000 0.060000000 0.000000000
U_voxels_138 0.140376905 -0.851925219 0.504497519 0.851925219 -0.155703723 -0.499979772 0.504497519 0.499979772 0.703919371
eps_voxels_138 -0.001023648 0.000933691 -0.000030729 0.002002363 -0.000431831 -0.000360508
pos_voxels_139 0.010000000 -0.060000000 0.000000000
U_voxels_139 0.140196278 -0.851875449 0.504631769 0.851875449 -0.155979717 -0.499978546 0.504631769 0.499978546 0.703824006
eps_voxels_139 0.001084222 -0.000293198 -0.000786792 -0.002572595 -0.000096083 0.001250065
pos_voxels_140 0.010000000 -0.055000000 0.000000000
