
direc 'Sn'
stem 'Sn_ssch'
make_image 0
output  'merged.flt' 'delta.flt' 'delta.gve' '.par' '.ubi'
#output  'merged.flt' '.par' '.ubi'
structure_phase_0 '/home/axel/workspace/scanning-3dxrd-simulations/ModelScanning3DXRD/scripts/simul/Sn.cif'
y_size 0.0500
z_size 0.0500
dety_size 2048
detz_size 2048
distance 162.888383321
tilt_x -0.00260053595757
tilt_y -0.00366923010272
tilt_z 0.00463564130438
o11 1
o12 0
o21 0
o22 -1
noise 0
intensity_const 1
lorentz_apply 1
beampol_apply 0
peakshape 0
wavelength 0.21878
beamflux 1e-12
beampol_factor 1
beampol_direct 0
dety_center 998.798998
detz_center 1041.55049636
omega_start 0
omega_end 180
omega_step 1.0
omega_sign 1
theta_min 0
theta_max 8
wedge -0.0142439915706
#spatial '/home/axel/workspace/fable/ModelScanning3DXRD/scripts/simul/frelon4m.spline'

no_voxels 260
voxel_grain_map {0:0,1:0,2:0,3:0,4:0,5:0,6:0,7:0,8:0,9:0,10:0,11:0,12:0,13:0,14:0,15:0,16:0,17:0,18:0,19:0,20:0,21:0,22:0,23:0,24:0,25:0,26:0,27:0,28:0,29:0,30:0,31:0,32:0,33:0,34:0,35:0,36:0,37:0,38:0,39:0,40:0,41:0,42:0,43:0,44:0,45:0,46:0,47:0,48:0,49:0,50:0,51:0,52:0,53:0,54:0,55:0,56:0,57:0,58:0,59:0,60:0,61:0,62:0,63:0,64:0,65:0,66:0,67:0,68:0,69:0,70:0,71:0,72:0,73:0,74:0,75:0,76:0,77:0,78:0,79:0,80:0,81:0,82:0,83:0,84:0,85:0,86:0,87:0,88:0,89:0,90:0,91:0,92:0,93:0,94:0,95:0,96:0,97:0,98:0,99:0,100:0,101:0,102:0,103:0,104:0,105:0,106:0,107:0,108:0,109:0,110:0,111:0,112:0,113:0,114:0,115:0,116:0,117:0,118:0,119:0,120:0,121:0,122:0,123:0,124:0,125:0,126:0,127:0,128:0,129:0,130:0,131:0,132:0,133:0,134:0,135:0,136:0,137:0,138:0,139:0,140:0,141:0,142:0,143:0,144:0,145:0,146:0,147:0,148:0,149:0,150:0,151:0,152:0,153:0,154:0,155:0,156:0,157:0,158:0,159:0,160:0,161:0,162:0,163:0,164:0,165:0,166:0,167:0,168:0,169:0,170:0,171:0,172:0,173:0,174:0,175:0,176:0,177:0,178:0,179:0,180:0,181:0,182:0,183:0,184:0,185:0,186:0,187:0,188:0,189:0,190:0,191:0,192:0,193:0,194:0,195:0,196:0,197:0,198:0,199:0,200:0,201:0,202:0,203:0,204:0,205:0,206:0,207:0,208:0,209:0,210:0,211:0,212:0,213:0,214:0,215:0,216:0,217:0,218:0,219:0,220:0,221:0,222:0,223:0,224:0,225:0,226:0,227:0,228:0,229:0,230:0,231:0,232:0,233:0,234:0,235:0,236:0,237:0,238:0,239:0,240:0,241:0,242:0,243:0,244:0,245:0,246:0,247:0,248:0,249:0,250:0,251:0,252:0,253:0,254:0,255:0,256:0,257:0,258:0,259:0}
gen_size 1 -0.006203566 0.000000000 100.000000000
sample_xyz 0.110000000 0.110000000 0.015000000
beam_width 0.005000000
gen_U 0
pos_voxels_0 -0.050000000 0.010000000 0.000000000
U_voxels_0 0.140407013 -0.851933507 0.504475143 0.851933507 -0.155657723 -0.499979973 0.504475143 0.499979973 0.703935264
eps_voxels_0 -0.000101531 0.000936702 0.000534858 0.000688068 -0.001658381 -0.000680842
pos_voxels_1 -0.050000000 0.015000000 0.000000000
U_voxels_1 0.140407013 -0.851933507 0.504475143 0.851933507 -0.155657723 -0.499979973 0.504475143 0.499979973 0.703935264
eps_voxels_1 -0.000189598 0.000986367 0.000562740 0.000876455 -0.001667743 -0.000743923
pos_voxels_2 -0.050000000 0.020000000 0.000000000
U_voxels_2 0.140407013 -0.851933507 0.504475143 0.851933507 -0.155657723 -0.499979973 0.504475143 0.499979973 0.703935264
eps_voxels_2 -0.000277664 0.001036031 0.000590621 0.001064842 -0.001677105 -0.000807004
pos_voxels_3 -0.045000000 0.010000000 0.000000000
U_voxels_3 0.140226380 -0.851883749 0.504609394 0.851883749 -0.155933719 -0.499978753 0.504609394 0.499978753 0.703839901
eps_voxels_3 -0.000106534 0.000903202 0.000447360 0.000633266 -0.001548649 -0.000583798
pos_voxels_4 -0.045000000 0.015000000 0.000000000
U_voxels_4 0.140226380 -0.851883749 0.504609394 0.851883749 -0.155933719 -0.499978753 0.504609394 0.499978753 0.703839901
eps_voxels_4 -0.000194576 0.000952934 0.000475232 0.000821627 -0.001558059 -0.000646877
pos_voxels_5 -0.045000000 0.020000000 0.000000000
U_voxels_5 0.140226380 -0.851883749 0.504609394 0.851883749 -0.155933719 -0.499978753 0.504609394 0.499978753 0.703839901
eps_voxels_5 -0.000282618 0.001002667 0.000503104 0.001009989 -0.001567469 -0.000709957
pos_voxels_6 -0.045000000 0.025000000 0.000000000
U_voxels_6 0.140226380 -0.851883749 0.504609394 0.851883749 -0.155933719 -0.499978753 0.504609394 0.499978753 0.703839901
eps_voxels_6 -0.000370660 0.001052399 0.000530975 0.001198350 -0.001576879 -0.000773036
pos_voxels_7 -0.045000000 0.030000000 0.000000000
U_voxels_7 0.140226380 -0.851883749 0.504609394 0.851883749 -0.155933719 -0.499978753 0.504609394 0.499978753 0.703839901
eps_voxels_7 -0.000458702 0.001102131 0.000558847 0.001386711 -0.001586290 -0.000836115
pos_voxels_8 -0.040000000 0.010000000 0.000000000
U_voxels_8 0.140045780 -0.851833923 0.504743644 0.851833923 -0.156209696 -0.499977497 0.504743644 0.499977497 0.703744524
eps_voxels_8 -0.000111578 0.000869658 0.000359929 0.000578567 -0.001438825 -0.000486815
pos_voxels_9 -0.040000000 0.015000000 0.000000000
U_voxels_9 0.140045780 -0.851833923 0.504743644 0.851833923 -0.156209696 -0.499977497 0.504743644 0.499977497 0.703744524
eps_voxels_9 -0.000199595 0.000919458 0.000387791 0.000766902 -0.001448284 -0.000549893
pos_voxels_10 -0.040000000 0.020000000 0.000000000
U_voxels_10 0.140045780 -0.851833923 0.504743644 0.851833923 -0.156209696 -0.499977497 0.504743644 0.499977497 0.703744524
eps_voxels_10 -0.000287613 0.000969257 0.000415653 0.000955237 -0.001457743 -0.000612971
pos_voxels_11 -0.040000000 0.025000000 0.000000000
U_voxels_11 0.140045780 -0.851833923 0.504743644 0.851833923 -0.156209696 -0.499977497 0.504743644 0.499977497 0.703744524
eps_voxels_11 -0.000375631 0.001019057 0.000443516 0.001143573 -0.001467202 -0.000676049
pos_voxels_12 -0.040000000 0.030000000 0.000000000
U_voxels_12 0.140045780 -0.851833923 0.504743644 0.851833923 -0.156209696 -0.499977497 0.504743644 0.499977497 0.703744524
eps_voxels_12 -0.000463648 0.001068856 0.000471378 0.001331908 -0.001476660 -0.000739127
pos_voxels_13 -0.040000000 0.035000000 0.000000000
U_voxels_13 0.140045780 -0.851833923 0.504743644 0.851833923 -0.156209696 -0.499977497 0.504743644 0.499977497 0.703744524
eps_voxels_13 -0.000551666 0.001118656 0.000499240 0.001520243 -0.001486119 -0.000802205
pos_voxels_14 -0.035000000 0.010000000 0.000000000
U_voxels_14 0.139865212 -0.851784030 0.504877894 0.851784030 -0.156485652 -0.499976206 0.504877894 0.499976206 0.703649135
eps_voxels_14 -0.000116662 0.000836069 0.000272564 0.000523969 -0.001328911 -0.000389894
pos_voxels_15 -0.035000000 0.015000000 0.000000000
U_voxels_15 0.139865212 -0.851784030 0.504877894 0.851784030 -0.156485652 -0.499976206 0.504877894 0.499976206 0.703649135
eps_voxels_15 -0.000204655 0.000885936 0.000300417 0.000712279 -0.001338418 -0.000452970
pos_voxels_16 -0.035000000 0.020000000 0.000000000
U_voxels_16 0.139865212 -0.851784030 0.504877894 0.851784030 -0.156485652 -0.499976206 0.504877894 0.499976206 0.703649135
eps_voxels_16 -0.000292648 0.000935803 0.000328270 0.000900588 -0.001347926 -0.000516047
pos_voxels_17 -0.035000000 0.025000000 0.000000000
U_voxels_17 0.139865212 -0.851784030 0.504877894 0.851784030 -0.156485652 -0.499976206 0.504877894 0.499976206 0.703649135
eps_voxels_17 -0.000380642 0.000985670 0.000356123 0.001088898 -0.001357433 -0.000579123
pos_voxels_18 -0.035000000 0.030000000 0.000000000
U_voxels_18 0.139865212 -0.851784030 0.504877894 0.851784030 -0.156485652 -0.499976206 0.504877894 0.499976206 0.703649135
eps_voxels_18 -0.000468635 0.001035537 0.000383975 0.001277207 -0.001366940 -0.000642199
pos_voxels_19 -0.035000000 0.035000000 0.000000000
U_voxels_19 0.139865212 -0.851784030 0.504877894 0.851784030 -0.156485652 -0.499976206 0.504877894 0.499976206 0.703649135
eps_voxels_19 -0.000556628 0.001085404 0.000411828 0.001465517 -0.001376448 -0.000705276
pos_voxels_20 -0.035000000 0.040000000 0.000000000
U_voxels_20 0.139865212 -0.851784030 0.504877894 0.851784030 -0.156485652 -0.499976206 0.504877894 0.499976206 0.703649135
eps_voxels_20 -0.000644621 0.001135271 0.000439681 0.001653826 -0.001385955 -0.000768352
pos_voxels_21 -0.030000000 0.005000000 0.000000000
U_voxels_21 0.139684677 -0.851734070 0.505012144 0.851734070 -0.156761589 -0.499974878 0.505012144 0.499974878 0.703553734
eps_voxels_21 -0.000033818 0.000752501 0.000157424 0.000281191 -0.001209350 -0.000229959
pos_voxels_22 -0.030000000 0.010000000 0.000000000
U_voxels_22 0.139684677 -0.851734070 0.505012144 0.851734070 -0.156761589 -0.499974878 0.505012144 0.499974878 0.703553734
eps_voxels_22 -0.000121787 0.000802436 0.000185267 0.000469474 -0.001218906 -0.000293034
pos_voxels_23 -0.030000000 0.015000000 0.000000000
U_voxels_23 0.139684677 -0.851734070 0.505012144 0.851734070 -0.156761589 -0.499974878 0.505012144 0.499974878 0.703553734
eps_voxels_23 -0.000209756 0.000852370 0.000213110 0.000657758 -0.001228462 -0.000356109
pos_voxels_24 -0.030000000 0.020000000 0.000000000
U_voxels_24 0.139684677 -0.851734070 0.505012144 0.851734070 -0.156761589 -0.499974878 0.505012144 0.499974878 0.703553734
eps_voxels_24 -0.000297724 0.000902305 0.000240954 0.000846042 -0.001238018 -0.000419184
pos_voxels_25 -0.030000000 0.025000000 0.000000000
U_voxels_25 0.139684677 -0.851734070 0.505012144 0.851734070 -0.156761589 -0.499974878 0.505012144 0.499974878 0.703553734
eps_voxels_25 -0.000385693 0.000952239 0.000268797 0.001034325 -0.001247574 -0.000482259
pos_voxels_26 -0.030000000 0.030000000 0.000000000
U_voxels_26 0.139684677 -0.851734070 0.505012144 0.851734070 -0.156761589 -0.499974878 0.505012144 0.499974878 0.703553734
eps_voxels_26 -0.000473662 0.001002174 0.000296640 0.001222609 -0.001257130 -0.000545334
pos_voxels_27 -0.030000000 0.035000000 0.000000000
U_voxels_27 0.139684677 -0.851734070 0.505012144 0.851734070 -0.156761589 -0.499974878 0.505012144 0.499974878 0.703553734
eps_voxels_27 -0.000561631 0.001052108 0.000324483 0.001410892 -0.001266686 -0.000608409
pos_voxels_28 -0.030000000 0.040000000 0.000000000
U_voxels_28 0.139684677 -0.851734070 0.505012144 0.851734070 -0.156761589 -0.499974878 0.505012144 0.499974878 0.703553734
eps_voxels_28 -0.000649600 0.001102042 0.000352326 0.001599176 -0.001276242 -0.000671484
pos_voxels_29 -0.030000000 0.045000000 0.000000000
U_voxels_29 0.139684677 -0.851734070 0.505012144 0.851734070 -0.156761589 -0.499974878 0.505012144 0.499974878 0.703553734
eps_voxels_29 -0.000737569 0.001151977 0.000380170 0.001787459 -0.001285798 -0.000734558
pos_voxels_30 -0.025000000 0.010000000 0.000000000
U_voxels_30 0.139504175 -0.851684042 0.505146393 0.851684042 -0.157037506 -0.499973514 0.505146393 0.499973514 0.703458319
eps_voxels_30 -0.000126952 0.000768758 0.000098037 0.000415082 -0.001108811 -0.000196236
pos_voxels_31 -0.025000000 0.015000000 0.000000000
U_voxels_31 0.139504175 -0.851684042 0.505146393 0.851684042 -0.157037506 -0.499973514 0.505146393 0.499973514 0.703458319
eps_voxels_31 -0.000214897 0.000818760 0.000125871 0.000603339 -0.001118415 -0.000259309
pos_voxels_32 -0.025000000 0.020000000 0.000000000
U_voxels_32 0.139504175 -0.851684042 0.505146393 0.851684042 -0.157037506 -0.499973514 0.505146393 0.499973514 0.703458319
eps_voxels_32 -0.000302841 0.000868762 0.000153704 0.000791597 -0.001128020 -0.000322383
pos_voxels_33 -0.025000000 0.025000000 0.000000000
U_voxels_33 0.139504175 -0.851684042 0.505146393 0.851684042 -0.157037506 -0.499973514 0.505146393 0.499973514 0.703458319
eps_voxels_33 -0.000390786 0.000918764 0.000181538 0.000979854 -0.001137624 -0.000385456
pos_voxels_34 -0.025000000 0.030000000 0.000000000
U_voxels_34 0.139504175 -0.851684042 0.505146393 0.851684042 -0.157037506 -0.499973514 0.505146393 0.499973514 0.703458319
eps_voxels_34 -0.000478730 0.000968766 0.000209372 0.001168112 -0.001147229 -0.000448530
pos_voxels_35 -0.025000000 0.035000000 0.000000000
U_voxels_35 0.139504175 -0.851684042 0.505146393 0.851684042 -0.157037506 -0.499973514 0.505146393 0.499973514 0.703458319
eps_voxels_35 -0.000566674 0.001018767 0.000237205 0.001356370 -0.001156833 -0.000511603
pos_voxels_36 -0.025000000 0.040000000 0.000000000
U_voxels_36 0.139504175 -0.851684042 0.505146393 0.851684042 -0.157037506 -0.499973514 0.505146393 0.499973514 0.703458319
eps_voxels_36 -0.000654619 0.001068769 0.000265039 0.001544627 -0.001166438 -0.000574676
pos_voxels_37 -0.025000000 0.045000000 0.000000000
U_voxels_37 0.139504175 -0.851684042 0.505146393 0.851684042 -0.157037506 -0.499973514 0.505146393 0.499973514 0.703458319
eps_voxels_37 -0.000742563 0.001118771 0.000292872 0.001732885 -0.001176042 -0.000637750
pos_voxels_38 -0.020000000 0.010000000 0.000000000
U_voxels_38 0.139323705 -0.851633946 0.505280642 0.851633946 -0.157313403 -0.499972114 0.505280642 0.499972114 0.703362892
eps_voxels_38 -0.000132159 0.000735036 0.000010874 0.000360792 -0.000998625 -0.000099500
pos_voxels_39 -0.020000000 0.015000000 0.000000000
U_voxels_39 0.139323705 -0.851633946 0.505280642 0.851633946 -0.157313403 -0.499972114 0.505280642 0.499972114 0.703362892
eps_voxels_39 -0.000220079 0.000785105 0.000038698 0.000549023 -0.001008278 -0.000162572
pos_voxels_40 -0.020000000 0.020000000 0.000000000
U_voxels_40 0.139323705 -0.851633946 0.505280642 0.851633946 -0.157313403 -0.499972114 0.505280642 0.499972114 0.703362892
eps_voxels_40 -0.000307999 0.000835175 0.000066522 0.000737255 -0.001017931 -0.000225643
pos_voxels_41 -0.020000000 0.025000000 0.000000000
U_voxels_41 0.139323705 -0.851633946 0.505280642 0.851633946 -0.157313403 -0.499972114 0.505280642 0.499972114 0.703362892
eps_voxels_41 -0.000395919 0.000885244 0.000094346 0.000925486 -0.001027584 -0.000288715
pos_voxels_42 -0.020000000 0.030000000 0.000000000
U_voxels_42 0.139323705 -0.851633946 0.505280642 0.851633946 -0.157313403 -0.499972114 0.505280642 0.499972114 0.703362892
eps_voxels_42 -0.000483838 0.000935313 0.000122170 0.001113718 -0.001037237 -0.000351787
pos_voxels_43 -0.020000000 0.035000000 0.000000000
U_voxels_43 0.139323705 -0.851633946 0.505280642 0.851633946 -0.157313403 -0.499972114 0.505280642 0.499972114 0.703362892
eps_voxels_43 -0.000571758 0.000985383 0.000149994 0.001301949 -0.001046890 -0.000414859
pos_voxels_44 -0.020000000 0.040000000 0.000000000
U_voxels_44 0.139323705 -0.851633946 0.505280642 0.851633946 -0.157313403 -0.499972114 0.505280642 0.499972114 0.703362892
eps_voxels_44 -0.000659678 0.001035452 0.000177818 0.001490181 -0.001056543 -0.000477931
pos_voxels_45 -0.020000000 0.045000000 0.000000000
U_voxels_45 0.139323705 -0.851633946 0.505280642 0.851633946 -0.157313403 -0.499972114 0.505280642 0.499972114 0.703362892
eps_voxels_45 -0.000747598 0.001085521 0.000205642 0.001678412 -0.001066196 -0.000541003
pos_voxels_46 -0.020000000 0.050000000 0.000000000
U_voxels_46 0.139323705 -0.851633946 0.505280642 0.851633946 -0.157313403 -0.499972114 0.505280642 0.499972114 0.703362892
eps_voxels_46 -0.000835518 0.001135590 0.000233466 0.001866644 -0.001075849 -0.000604074
pos_voxels_47 -0.015000000 0.005000000 0.000000000
U_voxels_47 0.139143268 -0.851583783 0.505414890 0.851583783 -0.157589280 -0.499970678 0.505414890 0.499970678 0.703267453
eps_voxels_47 -0.000049510 0.000651133 -0.000104036 0.000118398 -0.000878646 0.000060245
pos_voxels_48 -0.015000000 0.010000000 0.000000000
U_voxels_48 0.139143268 -0.851583783 0.505414890 0.851583783 -0.157589280 -0.499970678 0.505414890 0.499970678 0.703267453
eps_voxels_48 -0.000137406 0.000701270 -0.000076221 0.000306604 -0.000888348 -0.000002825
pos_voxels_49 -0.015000000 0.015000000 0.000000000
U_voxels_49 0.139143268 -0.851583783 0.505414890 0.851583783 -0.157589280 -0.499970678 0.505414890 0.499970678 0.703267453
eps_voxels_49 -0.000225301 0.000751407 -0.000048407 0.000494809 -0.000898050 -0.000065895
pos_voxels_50 -0.015000000 0.020000000 0.000000000
U_voxels_50 0.139143268 -0.851583783 0.505414890 0.851583783 -0.157589280 -0.499970678 0.505414890 0.499970678 0.703267453
eps_voxels_50 -0.000313197 0.000801543 -0.000020593 0.000683015 -0.000907751 -0.000128966
pos_voxels_51 -0.015000000 0.025000000 0.000000000
U_voxels_51 0.139143268 -0.851583783 0.505414890 0.851583783 -0.157589280 -0.499970678 0.505414890 0.499970678 0.703267453
eps_voxels_51 -0.000401092 0.000851680 0.000007221 0.000871220 -0.000917453 -0.000192036
pos_voxels_52 -0.015000000 0.030000000 0.000000000
U_voxels_52 0.139143268 -0.851583783 0.505414890 0.851583783 -0.157589280 -0.499970678 0.505414890 0.499970678 0.703267453
eps_voxels_52 -0.000488988 0.000901817 0.000035036 0.001059426 -0.000927154 -0.000255106
pos_voxels_53 -0.015000000 0.035000000 0.000000000
U_voxels_53 0.139143268 -0.851583783 0.505414890 0.851583783 -0.157589280 -0.499970678 0.505414890 0.499970678 0.703267453
eps_voxels_53 -0.000576883 0.000951953 0.000062850 0.001247631 -0.000936856 -0.000318176
pos_voxels_54 -0.015000000 0.040000000 0.000000000
U_voxels_54 0.139143268 -0.851583783 0.505414890 0.851583783 -0.157589280 -0.499970678 0.505414890 0.499970678 0.703267453
eps_voxels_54 -0.000664778 0.001002090 0.000090664 0.001435837 -0.000946558 -0.000381247
pos_voxels_55 -0.015000000 0.045000000 0.000000000
U_voxels_55 0.139143268 -0.851583783 0.505414890 0.851583783 -0.157589280 -0.499970678 0.505414890 0.499970678 0.703267453
eps_voxels_55 -0.000752674 0.001052227 0.000118479 0.001624042 -0.000956259 -0.000444317
pos_voxels_56 -0.015000000 0.050000000 0.000000000
U_voxels_56 0.139143268 -0.851583783 0.505414890 0.851583783 -0.157589280 -0.499970678 0.505414890 0.499970678 0.703267453
eps_voxels_56 -0.000840569 0.001102363 0.000146293 0.001812248 -0.000965961 -0.000507387
pos_voxels_57 -0.010000000 0.005000000 0.000000000
U_voxels_57 0.138962863 -0.851533553 0.505549138 0.851533553 -0.157865136 -0.499969206 0.505549138 0.499969206 0.703172000
eps_voxels_57 -0.000054823 0.000617256 -0.000191055 0.000064339 -0.000768231 0.000156856
pos_voxels_58 -0.010000000 0.010000000 0.000000000
U_voxels_58 0.138962863 -0.851533553 0.505549138 0.851533553 -0.157865136 -0.499969206 0.505549138 0.499969206 0.703172000
eps_voxels_58 -0.000142694 0.000667460 -0.000163250 0.000252519 -0.000777981 0.000093788
pos_voxels_59 -0.010000000 0.015000000 0.000000000
U_voxels_59 0.138962863 -0.851533553 0.505549138 0.851533553 -0.157865136 -0.499969206 0.505549138 0.499969206 0.703172000
eps_voxels_59 -0.000230565 0.000717664 -0.000135445 0.000440698 -0.000787731 0.000030719
pos_voxels_60 -0.010000000 0.020000000 0.000000000
U_voxels_60 0.138962863 -0.851533553 0.505549138 0.851533553 -0.157865136 -0.499969206 0.505549138 0.499969206 0.703172000
eps_voxels_60 -0.000318436 0.000767868 -0.000107641 0.000628877 -0.000797481 -0.000032350
pos_voxels_61 -0.010000000 0.025000000 0.000000000
U_voxels_61 0.138962863 -0.851533553 0.505549138 0.851533553 -0.157865136 -0.499969206 0.505549138 0.499969206 0.703172000
eps_voxels_61 -0.000406306 0.000818072 -0.000079836 0.000817057 -0.000807232 -0.000095418
pos_voxels_62 -0.010000000 0.030000000 0.000000000
U_voxels_62 0.138962863 -0.851533553 0.505549138 0.851533553 -0.157865136 -0.499969206 0.505549138 0.499969206 0.703172000
eps_voxels_62 -0.000494177 0.000868276 -0.000052031 0.001005236 -0.000816982 -0.000158487
pos_voxels_63 -0.010000000 0.035000000 0.000000000
U_voxels_63 0.138962863 -0.851533553 0.505549138 0.851533553 -0.157865136 -0.499969206 0.505549138 0.499969206 0.703172000
eps_voxels_63 -0.000582048 0.000918480 -0.000024227 0.001193416 -0.000826732 -0.000221556
pos_voxels_64 -0.010000000 0.040000000 0.000000000
U_voxels_64 0.138962863 -0.851533553 0.505549138 0.851533553 -0.157865136 -0.499969206 0.505549138 0.499969206 0.703172000
eps_voxels_64 -0.000669919 0.000968684 0.000003578 0.001381595 -0.000836482 -0.000284624
pos_voxels_65 -0.010000000 0.045000000 0.000000000
U_voxels_65 0.138962863 -0.851533553 0.505549138 0.851533553 -0.157865136 -0.499969206 0.505549138 0.499969206 0.703172000
eps_voxels_65 -0.000757790 0.001018888 0.000031383 0.001569774 -0.000846232 -0.000347693
pos_voxels_66 -0.010000000 0.050000000 0.000000000
U_voxels_66 0.138962863 -0.851533553 0.505549138 0.851533553 -0.157865136 -0.499969206 0.505549138 0.499969206 0.703172000
eps_voxels_66 -0.000845661 0.001069092 0.000059187 0.001757954 -0.000855982 -0.000410762
pos_voxels_67 -0.005000000 0.000000000 0.000000000
U_voxels_67 0.138782492 -0.851483255 0.505683386 0.851483255 -0.158140973 -0.499967698 0.505683386 0.499967698 0.703076535
eps_voxels_67 0.000027670 0.000533063 -0.000305801 -0.000177770 -0.000647926 0.000316473
pos_voxels_68 -0.005000000 0.005000000 0.000000000
U_voxels_68 0.138782492 -0.851483255 0.505683386 0.851483255 -0.158140973 -0.499967698 0.505683386 0.499967698 0.703076535
eps_voxels_68 -0.000060176 0.000583334 -0.000278006 0.000010383 -0.000657725 0.000253406
pos_voxels_69 -0.005000000 0.010000000 0.000000000
U_voxels_69 0.138782492 -0.851483255 0.505683386 0.851483255 -0.158140973 -0.499967698 0.505683386 0.499967698 0.703076535
eps_voxels_69 -0.000148022 0.000633606 -0.000250211 0.000198536 -0.000667524 0.000190339
pos_voxels_70 -0.005000000 0.015000000 0.000000000
U_voxels_70 0.138782492 -0.851483255 0.505683386 0.851483255 -0.158140973 -0.499967698 0.505683386 0.499967698 0.703076535
eps_voxels_70 -0.000235869 0.000683877 -0.000222416 0.000386689 -0.000677322 0.000127272
pos_voxels_71 -0.005000000 0.020000000 0.000000000
U_voxels_71 0.138782492 -0.851483255 0.505683386 0.851483255 -0.158140973 -0.499967698 0.505683386 0.499967698 0.703076535
eps_voxels_71 -0.000323715 0.000734148 -0.000194621 0.000574843 -0.000687121 0.000064205
pos_voxels_72 -0.005000000 0.025000000 0.000000000
U_voxels_72 0.138782492 -0.851483255 0.505683386 0.851483255 -0.158140973 -0.499967698 0.505683386 0.499967698 0.703076535
eps_voxels_72 -0.000411562 0.000784420 -0.000166826 0.000762996 -0.000696920 0.000001138
pos_voxels_73 -0.005000000 0.030000000 0.000000000
U_voxels_73 0.138782492 -0.851483255 0.505683386 0.851483255 -0.158140973 -0.499967698 0.505683386 0.499967698 0.703076535
eps_voxels_73 -0.000499408 0.000834691 -0.000139031 0.000951149 -0.000706719 -0.000061930
pos_voxels_74 -0.005000000 0.035000000 0.000000000
U_voxels_74 0.138782492 -0.851483255 0.505683386 0.851483255 -0.158140973 -0.499967698 0.505683386 0.499967698 0.703076535
eps_voxels_74 -0.000587254 0.000884962 -0.000111236 0.001139302 -0.000716517 -0.000124997
pos_voxels_75 -0.005000000 0.040000000 0.000000000
U_voxels_75 0.138782492 -0.851483255 0.505683386 0.851483255 -0.158140973 -0.499967698 0.505683386 0.499967698 0.703076535
eps_voxels_75 -0.000675101 0.000935234 -0.000083441 0.001327456 -0.000726316 -0.000188064
pos_voxels_76 -0.005000000 0.045000000 0.000000000
U_voxels_76 0.138782492 -0.851483255 0.505683386 0.851483255 -0.158140973 -0.499967698 0.505683386 0.499967698 0.703076535
eps_voxels_76 -0.000762947 0.000985505 -0.000055646 0.001515609 -0.000736115 -0.000251131
pos_voxels_77 -0.005000000 0.050000000 0.000000000
U_voxels_77 0.138782492 -0.851483255 0.505683386 0.851483255 -0.158140973 -0.499967698 0.505683386 0.499967698 0.703076535
eps_voxels_77 -0.000850793 0.001035777 -0.000027851 0.001703762 -0.000745913 -0.000314198
pos_voxels_78 0.000000000 -0.005000000 0.000000000
U_voxels_78 0.138602153 -0.851432890 0.505817633 0.851432890 -0.158416790 -0.499966154 0.505817633 0.499966154 0.702981057
eps_voxels_78 0.000110073 0.000448691 -0.000420461 -0.000419725 -0.000527434 0.000476024
pos_voxels_79 0.000000000 0.000000000 0.000000000
U_voxels_79 0.138602153 -0.851432890 0.505817633 0.851432890 -0.158416790 -0.499966154 0.505817633 0.499966154 0.702981057
eps_voxels_79 0.000022252 0.000499030 -0.000392676 -0.000231598 -0.000537281 0.000412959
pos_voxels_80 0.000000000 0.005000000 0.000000000
U_voxels_80 0.138602153 -0.851432890 0.505817633 0.851432890 -0.158416790 -0.499966154 0.505817633 0.499966154 0.702981057
eps_voxels_80 -0.000065570 0.000549369 -0.000364890 -0.000043471 -0.000547129 0.000349894
pos_voxels_81 0.000000000 0.010000000 0.000000000
U_voxels_81 0.138602153 -0.851432890 0.505817633 0.851432890 -0.158416790 -0.499966154 0.505817633 0.499966154 0.702981057
eps_voxels_81 -0.000153392 0.000599707 -0.000337105 0.000144656 -0.000556976 0.000286828
pos_voxels_82 0.000000000 0.015000000 0.000000000
U_voxels_82 0.138602153 -0.851432890 0.505817633 0.851432890 -0.158416790 -0.499966154 0.505817633 0.499966154 0.702981057
eps_voxels_82 -0.000241214 0.000650046 -0.000309320 0.000332783 -0.000566823 0.000223763
pos_voxels_83 0.000000000 0.020000000 0.000000000
U_voxels_83 0.138602153 -0.851432890 0.505817633 0.851432890 -0.158416790 -0.499966154 0.505817633 0.499966154 0.702981057
eps_voxels_83 -0.000329036 0.000700385 -0.000281535 0.000520910 -0.000576670 0.000160697
pos_voxels_84 0.000000000 0.025000000 0.000000000
U_voxels_84 0.138602153 -0.851432890 0.505817633 0.851432890 -0.158416790 -0.499966154 0.505817633 0.499966154 0.702981057
eps_voxels_84 -0.000416857 0.000750723 -0.000253749 0.000709037 -0.000586518 0.000097632
pos_voxels_85 0.000000000 0.030000000 0.000000000
U_voxels_85 0.138602153 -0.851432890 0.505817633 0.851432890 -0.158416790 -0.499966154 0.505817633 0.499966154 0.702981057
eps_voxels_85 -0.000504679 0.000801062 -0.000225964 0.000897164 -0.000596365 0.000034566
pos_voxels_86 0.000000000 0.035000000 0.000000000
U_voxels_86 0.138602153 -0.851432890 0.505817633 0.851432890 -0.158416790 -0.499966154 0.505817633 0.499966154 0.702981057
eps_voxels_86 -0.000592501 0.000851401 -0.000198179 0.001085292 -0.000606212 -0.000028499
pos_voxels_87 0.000000000 0.040000000 0.000000000
U_voxels_87 0.138602153 -0.851432890 0.505817633 0.851432890 -0.158416790 -0.499966154 0.505817633 0.499966154 0.702981057
eps_voxels_87 -0.000680323 0.000901740 -0.000170394 0.001273419 -0.000616060 -0.000091565
pos_voxels_88 0.000000000 0.045000000 0.000000000
U_voxels_88 0.138602153 -0.851432890 0.505817633 0.851432890 -0.158416790 -0.499966154 0.505817633 0.499966154 0.702981057
eps_voxels_88 -0.000768145 0.000952078 -0.000142608 0.001461546 -0.000625907 -0.000154630
pos_voxels_89 0.000000000 0.050000000 0.000000000
U_voxels_89 0.138602153 -0.851432890 0.505817633 0.851432890 -0.158416790 -0.499966154 0.505817633 0.499966154 0.702981057
eps_voxels_89 -0.000855966 0.001002417 -0.000114823 0.001649673 -0.000635754 -0.000217696
pos_voxels_90 0.005000000 -0.030000000 0.000000000
U_voxels_90 0.138421846 -0.851382457 0.505951880 0.851382457 -0.158692587 -0.499964574 0.505951880 0.499964574 0.702885567
eps_voxels_90 0.000543575 0.000162517 -0.000646136 -0.001413927 -0.000367171 0.000887766
pos_voxels_91 0.005000000 -0.015000000 0.000000000
U_voxels_91 0.138421846 -0.851382457 0.505951880 0.851382457 -0.158692587 -0.499964574 0.505951880 0.499964574 0.702885567
eps_voxels_91 0.000280183 0.000313735 -0.000562810 -0.000849625 -0.000396859 0.000698575
pos_voxels_92 0.005000000 -0.010000000 0.000000000
U_voxels_92 0.138421846 -0.851382457 0.505951880 0.851382457 -0.158692587 -0.499964574 0.505951880 0.499964574 0.702885567
eps_voxels_92 0.000192386 0.000364141 -0.000535034 -0.000661524 -0.000406755 0.000635511
pos_voxels_93 0.005000000 -0.005000000 0.000000000
U_voxels_93 0.138421846 -0.851382457 0.505951880 0.851382457 -0.158692587 -0.499964574 0.505951880 0.499964574 0.702885567
eps_voxels_93 0.000104589 0.000414547 -0.000507258 -0.000473423 -0.000416651 0.000572447
pos_voxels_94 0.005000000 0.000000000 0.000000000
U_voxels_94 0.138421846 -0.851382457 0.505951880 0.851382457 -0.158692587 -0.499964574 0.505951880 0.499964574 0.702885567
eps_voxels_94 0.000016792 0.000464953 -0.000479483 -0.000285322 -0.000426546 0.000509383
pos_voxels_95 0.005000000 0.005000000 0.000000000
U_voxels_95 0.138421846 -0.851382457 0.505951880 0.851382457 -0.158692587 -0.499964574 0.505951880 0.499964574 0.702885567
eps_voxels_95 -0.000071005 0.000515359 -0.000451707 -0.000097222 -0.000436442 0.000446319
pos_voxels_96 0.005000000 0.010000000 0.000000000
U_voxels_96 0.138421846 -0.851382457 0.505951880 0.851382457 -0.158692587 -0.499964574 0.505951880 0.499964574 0.702885567
eps_voxels_96 -0.000158802 0.000565765 -0.000423932 0.000090879 -0.000446338 0.000383255
pos_voxels_97 0.005000000 0.015000000 0.000000000
U_voxels_97 0.138421846 -0.851382457 0.505951880 0.851382457 -0.158692587 -0.499964574 0.505951880 0.499964574 0.702885567
eps_voxels_97 -0.000246600 0.000616171 -0.000396156 0.000278980 -0.000456234 0.000320191
pos_voxels_98 0.005000000 0.020000000 0.000000000
U_voxels_98 0.138421846 -0.851382457 0.505951880 0.851382457 -0.158692587 -0.499964574 0.505951880 0.499964574 0.702885567
eps_voxels_98 -0.000334397 0.000666577 -0.000368381 0.000467081 -0.000466130 0.000257128
pos_voxels_99 0.005000000 0.025000000 0.000000000
U_voxels_99 0.138421846 -0.851382457 0.505951880 0.851382457 -0.158692587 -0.499964574 0.505951880 0.499964574 0.702885567
eps_voxels_99 -0.000422194 0.000716983 -0.000340605 0.000655182 -0.000476025 0.000194064
pos_voxels_100 0.005000000 0.030000000 0.000000000
U_voxels_100 0.138421846 -0.851382457 0.505951880 0.851382457 -0.158692587 -0.499964574 0.505951880 0.499964574 0.702885567
eps_voxels_100 -0.000509991 0.000767389 -0.000312830 0.000843283 -0.000485921 0.000131000
pos_voxels_101 0.005000000 0.035000000 0.000000000
U_voxels_101 0.138421846 -0.851382457 0.505951880 0.851382457 -0.158692587 -0.499964574 0.505951880 0.499964574 0.702885567
eps_voxels_101 -0.000597788 0.000817795 -0.000285054 0.001031383 -0.000495817 0.000067936
pos_voxels_102 0.005000000 0.040000000 0.000000000
U_voxels_102 0.138421846 -0.851382457 0.505951880 0.851382457 -0.158692587 -0.499964574 0.505951880 0.499964574 0.702885567
eps_voxels_102 -0.000685586 0.000868201 -0.000257279 0.001219484 -0.000505713 0.000004872
pos_voxels_103 0.005000000 0.045000000 0.000000000
U_voxels_103 0.138421846 -0.851382457 0.505951880 0.851382457 -0.158692587 -0.499964574 0.505951880 0.499964574 0.702885567
eps_voxels_103 -0.000773383 0.000918607 -0.000229503 0.001407585 -0.000515609 -0.000058192
pos_voxels_104 0.005000000 0.050000000 0.000000000
U_voxels_104 0.138421846 -0.851382457 0.505951880 0.851382457 -0.158692587 -0.499964574 0.505951880 0.499964574 0.702885567
eps_voxels_104 -0.000861180 0.000969013 -0.000201727 0.001595686 -0.000525504 -0.000121255
pos_voxels_105 0.010000000 -0.050000000 0.000000000
U_voxels_105 0.138241573 -0.851331957 0.506086126 0.851331957 -0.158968363 -0.499962958 0.506086126 0.499962958 0.702790064
eps_voxels_105 0.000889017 -0.000073900 -0.000843881 -0.002219689 -0.000216278 0.001236367
pos_voxels_106 0.010000000 -0.045000000 0.000000000
U_voxels_106 0.138241573 -0.851331957 0.506086126 0.851331957 -0.158968363 -0.499962958 0.506086126 0.499962958 0.702790064
eps_voxels_106 0.000801244 -0.000023427 -0.000816115 -0.002031615 -0.000226222 0.001173305
pos_voxels_107 0.010000000 -0.040000000 0.000000000
U_voxels_107 0.138241573 -0.851331957 0.506086126 0.851331957 -0.158968363 -0.499962958 0.506086126 0.499962958 0.702790064
eps_voxels_107 0.000713472 0.000027046 -0.000788349 -0.001843540 -0.000236166 0.001110243
pos_voxels_108 0.010000000 -0.035000000 0.000000000
U_voxels_108 0.138241573 -0.851331957 0.506086126 0.851331957 -0.158968363 -0.499962958 0.506086126 0.499962958 0.702790064
eps_voxels_108 0.000625699 0.000077519 -0.000760583 -0.001655466 -0.000246111 0.001047180
pos_voxels_109 0.010000000 -0.030000000 0.000000000
U_voxels_109 0.138241573 -0.851331957 0.506086126 0.851331957 -0.158968363 -0.499962958 0.506086126 0.499962958 0.702790064
eps_voxels_109 0.000537926 0.000127993 -0.000732817 -0.001467391 -0.000256055 0.000984118
pos_voxels_110 0.010000000 -0.025000000 0.000000000
U_voxels_110 0.138241573 -0.851331957 0.506086126 0.851331957 -0.158968363 -0.499962958 0.506086126 0.499962958 0.702790064
eps_voxels_110 0.000450154 0.000178466 -0.000705052 -0.001279317 -0.000265999 0.000921056
pos_voxels_111 0.010000000 -0.020000000 0.000000000
U_voxels_111 0.138241573 -0.851331957 0.506086126 0.851331957 -0.158968363 -0.499962958 0.506086126 0.499962958 0.702790064
eps_voxels_111 0.000362381 0.000228939 -0.000677286 -0.001091242 -0.000275944 0.000857994
pos_voxels_112 0.010000000 -0.015000000 0.000000000
U_voxels_112 0.138241573 -0.851331957 0.506086126 0.851331957 -0.158968363 -0.499962958 0.506086126 0.499962958 0.702790064
eps_voxels_112 0.000274609 0.000279413 -0.000649520 -0.000903168 -0.000285888 0.000794932
pos_voxels_113 0.010000000 -0.010000000 0.000000000
U_voxels_113 0.138241573 -0.851331957 0.506086126 0.851331957 -0.158968363 -0.499962958 0.506086126 0.499962958 0.702790064
eps_voxels_113 0.000186836 0.000329886 -0.000621754 -0.000715093 -0.000295832 0.000731869
pos_voxels_114 0.010000000 -0.005000000 0.000000000
U_voxels_114 0.138241573 -0.851331957 0.506086126 0.851331957 -0.158968363 -0.499962958 0.506086126 0.499962958 0.702790064
eps_voxels_114 0.000099064 0.000380359 -0.000593988 -0.000527018 -0.000305777 0.000668807
pos_voxels_115 0.010000000 0.000000000 0.000000000
U_voxels_115 0.138241573 -0.851331957 0.506086126 0.851331957 -0.158968363 -0.499962958 0.506086126 0.499962958 0.702790064
eps_voxels_115 0.000011291 0.000430833 -0.000566223 -0.000338944 -0.000315721 0.000605745
pos_voxels_116 0.010000000 0.005000000 0.000000000
U_voxels_116 0.138241573 -0.851331957 0.506086126 0.851331957 -0.158968363 -0.499962958 0.506086126 0.499962958 0.702790064
eps_voxels_116 -0.000076481 0.000481306 -0.000538457 -0.000150869 -0.000325665 0.000542683
pos_voxels_117 0.010000000 0.010000000 0.000000000
U_voxels_117 0.138241573 -0.851331957 0.506086126 0.851331957 -0.158968363 -0.499962958 0.506086126 0.499962958 0.702790064
eps_voxels_117 -0.000164254 0.000531779 -0.000510691 0.000037205 -0.000335610 0.000479621
pos_voxels_118 0.010000000 0.015000000 0.000000000
U_voxels_118 0.138241573 -0.851331957 0.506086126 0.851331957 -0.158968363 -0.499962958 0.506086126 0.499962958 0.702790064
eps_voxels_118 -0.000252026 0.000582253 -0.000482925 0.000225280 -0.000345554 0.000416558
pos_voxels_119 0.010000000 0.020000000 0.000000000
U_voxels_119 0.138241573 -0.851331957 0.506086126 0.851331957 -0.158968363 -0.499962958 0.506086126 0.499962958 0.702790064
eps_voxels_119 -0.000339799 0.000632726 -0.000455159 0.000413354 -0.000355499 0.000353496
pos_voxels_120 0.010000000 0.025000000 0.000000000
U_voxels_120 0.138241573 -0.851331957 0.506086126 0.851331957 -0.158968363 -0.499962958 0.506086126 0.499962958 0.702790064
eps_voxels_120 -0.000427571 0.000683199 -0.000427394 0.000601429 -0.000365443 0.000290434
pos_voxels_121 0.010000000 0.030000000 0.000000000
U_voxels_121 0.138241573 -0.851331957 0.506086126 0.851331957 -0.158968363 -0.499962958 0.506086126 0.499962958 0.702790064
eps_voxels_121 -0.000515344 0.000733673 -0.000399628 0.000789503 -0.000375387 0.000227372
pos_voxels_122 0.010000000 0.035000000 0.000000000
U_voxels_122 0.138241573 -0.851331957 0.506086126 0.851331957 -0.158968363 -0.499962958 0.506086126 0.499962958 0.702790064
eps_voxels_122 -0.000603117 0.000784146 -0.000371862 0.000977578 -0.000385332 0.000164310
pos_voxels_123 0.010000000 0.040000000 0.000000000
U_voxels_123 0.138241573 -0.851331957 0.506086126 0.851331957 -0.158968363 -0.499962958 0.506086126 0.499962958 0.702790064
eps_voxels_123 -0.000690889 0.000834619 -0.000344096 0.001165652 -0.000395276 0.000101247
pos_voxels_124 0.010000000 0.045000000 0.000000000
U_voxels_124 0.138241573 -0.851331957 0.506086126 0.851331957 -0.158968363 -0.499962958 0.506086126 0.499962958 0.702790064
eps_voxels_124 -0.000778662 0.000885093 -0.000316330 0.001353727 -0.000405220 0.000038185
pos_voxels_125 0.010000000 0.050000000 0.000000000
U_voxels_125 0.138241573 -0.851331957 0.506086126 0.851331957 -0.158968363 -0.499962958 0.506086126 0.499962958 0.702790064
eps_voxels_125 -0.000866434 0.000935566 -0.000288565 0.001541801 -0.000415165 -0.000024877
pos_voxels_126 0.015000000 -0.050000000 0.000000000
U_voxels_126 0.138061332 -0.851281389 0.506220372 0.851281389 -0.159244119 -0.499961305 0.506220372 0.499961305 0.702694548
eps_voxels_126 0.000883228 -0.000108737 -0.000930455 -0.002272945 -0.000104877 0.001332650
pos_voxels_127 0.015000000 -0.045000000 0.000000000
U_voxels_127 0.138061332 -0.851281389 0.506220372 0.851281389 -0.159244119 -0.499961305 0.506220372 0.499961305 0.702694548
eps_voxels_127 0.000795480 -0.000058197 -0.000902699 -0.002084896 -0.000114870 0.001269590
pos_voxels_128 0.015000000 -0.040000000 0.000000000
U_voxels_128 0.138061332 -0.851281389 0.506220372 0.851281389 -0.159244119 -0.499961305 0.506220372 0.499961305 0.702694548
eps_voxels_128 0.000707733 -0.000007656 -0.000874943 -0.001896848 -0.000124863 0.001206529
pos_voxels_129 0.015000000 -0.035000000 0.000000000
U_voxels_129 0.138061332 -0.851281389 0.506220372 0.851281389 -0.159244119 -0.499961305 0.506220372 0.499961305 0.702694548
eps_voxels_129 0.000619985 0.000042884 -0.000847187 -0.001708800 -0.000134856 0.001143469
pos_voxels_130 0.015000000 -0.030000000 0.000000000
U_voxels_130 0.138061332 -0.851281389 0.506220372 0.851281389 -0.159244119 -0.499961305 0.506220372 0.499961305 0.702694548
eps_voxels_130 0.000532237 0.000093425 -0.000819431 -0.001520752 -0.000144848 0.001080408
pos_voxels_131 0.015000000 -0.025000000 0.000000000
U_voxels_131 0.138061332 -0.851281389 0.506220372 0.851281389 -0.159244119 -0.499961305 0.506220372 0.499961305 0.702694548
eps_voxels_131 0.000444489 0.000143966 -0.000791675 -0.001332704 -0.000154841 0.001017348
pos_voxels_132 0.015000000 -0.020000000 0.000000000
U_voxels_132 0.138061332 -0.851281389 0.506220372 0.851281389 -0.159244119 -0.499961305 0.506220372 0.499961305 0.702694548
eps_voxels_132 0.000356741 0.000194506 -0.000763919 -0.001144655 -0.000164834 0.000954287
pos_voxels_133 0.015000000 -0.015000000 0.000000000
U_voxels_133 0.138061332 -0.851281389 0.506220372 0.851281389 -0.159244119 -0.499961305 0.506220372 0.499961305 0.702694548
eps_voxels_133 0.000268993 0.000245047 -0.000736163 -0.000956607 -0.000174827 0.000891227
pos_voxels_134 0.015000000 -0.010000000 0.000000000
U_voxels_134 0.138061332 -0.851281389 0.506220372 0.851281389 -0.159244119 -0.499961305 0.506220372 0.499961305 0.702694548
eps_voxels_134 0.000181245 0.000295587 -0.000708407 -0.000768559 -0.000184820 0.000828166
pos_voxels_135 0.015000000 -0.005000000 0.000000000
U_voxels_135 0.138061332 -0.851281389 0.506220372 0.851281389 -0.159244119 -0.499961305 0.506220372 0.499961305 0.702694548
eps_voxels_135 0.000093497 0.000346128 -0.000680651 -0.000580511 -0.000194813 0.000765106
pos_voxels_136 0.015000000 0.000000000 0.000000000
U_voxels_136 0.138061332 -0.851281389 0.506220372 0.851281389 -0.159244119 -0.499961305 0.506220372 0.499961305 0.702694548
eps_voxels_136 0.000005750 0.000396668 -0.000652895 -0.000392463 -0.000204806 0.000702045
pos_voxels_137 0.015000000 0.005000000 0.000000000
U_voxels_137 0.138061332 -0.851281389 0.506220372 0.851281389 -0.159244119 -0.499961305 0.506220372 0.499961305 0.702694548
eps_voxels_137 -0.000081998 0.000447209 -0.000625139 -0.000204414 -0.000214799 0.000638984
pos_voxels_138 0.015000000 0.010000000 0.000000000
U_voxels_138 0.138061332 -0.851281389 0.506220372 0.851281389 -0.159244119 -0.499961305 0.506220372 0.499961305 0.702694548
eps_voxels_138 -0.000169746 0.000497750 -0.000597383 -0.000016366 -0.000224792 0.000575924
pos_voxels_139 0.015000000 0.015000000 0.000000000
U_voxels_139 0.138061332 -0.851281389 0.506220372 0.851281389 -0.159244119 -0.499961305 0.506220372 0.499961305 0.702694548
eps_voxels_139 -0.000257494 0.000548290 -0.000569627 0.000171682 -0.000234784 0.000512863
pos_voxels_140 0.015000000 0.020000000 0.000000000
U_voxels_140 0.138061332 -0.851281389 0.506220372 0.851281389 -0.159244119 -0.499961305 0.506220372 0.499961305 0.702694548
eps_voxels_140 -0.000345242 0.000598831 -0.000541871 0.000359730 -0.000244777 0.000449803
pos_voxels_141 0.015000000 0.025000000 0.000000000
U_voxels_141 0.138061332 -0.851281389 0.506220372 0.851281389 -0.159244119 -0.499961305 0.506220372 0.499961305 0.702694548
eps_voxels_141 -0.000432990 0.000649371 -0.000514115 0.000547779 -0.000254770 0.000386742
pos_voxels_142 0.015000000 0.030000000 0.000000000
