
direc 'Sn'
stem 'Sn_ssch'
make_image 0
output  'merged.flt' 'delta.flt' 'delta.gve' '.par' '.ubi'
#output  'merged.flt' '.par' '.ubi'
structure_phase_0 '/home/axel/workspace/scanning-3dxrd-simulations/ModelScanning3DXRD/scripts/simul/Sn.cif'
y_size 0.0500
z_size 0.0500
dety_size 2048
detz_size 2048
distance 162.888383321
tilt_x -0.00260053595757
tilt_y -0.00366923010272
tilt_z 0.00463564130438
o11 1
o12 0
o21 0
o22 -1
noise 0
intensity_const 1
lorentz_apply 1
beampol_apply 0
peakshape 0
wavelength 0.21878
beamflux 1e-12
beampol_factor 1
beampol_direct 0
dety_center 998.798998
detz_center 1041.55049636
omega_start 0
omega_end 180
omega_step 1.0
omega_sign 1
theta_min 0
theta_max 8
wedge -0.0142439915706
#spatial '/home/axel/workspace/fable/ModelScanning3DXRD/scripts/simul/frelon4m.spline'

no_voxels 30
voxel_grain_map {0:0,1:0,2:0,3:0,4:0,5:0,6:0,7:0,8:0,9:0,10:0,11:0,12:0,13:0,14:0,15:0,16:0,17:0,18:0,19:0,20:0,21:0,22:0,23:0,24:0,25:0,26:0,27:0,28:0,29:0}
gen_size 1 -0.006203566 0.000000000 100.000000000
sample_xyz 0.040000000 0.040000000 0.015000000
beam_width 0.005000000
gen_U 0
pos_voxels_0 -0.015000000 0.005000000 0.000000000
U_voxels_0 0.135241861 -0.850480373 0.508323493 0.850480373 -0.163561657 -0.499930715 0.508323493 0.499930715 0.701196482
eps_voxels_0 -0.000076849 0.000907855 -0.000337948 0.000053835 -0.001095337 0.000291193
pos_voxels_1 -0.015000000 0.010000000 0.000000000
U_voxels_1 0.135241861 -0.850480373 0.508323493 0.850480373 -0.163561657 -0.499930715 0.508323493 0.499930715 0.701196482
eps_voxels_1 -0.000164206 0.000959448 -0.000310348 0.000241464 -0.001106090 0.000228161
pos_voxels_2 -0.010000000 0.005000000 0.000000000
U_voxels_2 0.135062170 -0.850428684 0.508457731 0.850428684 -0.163837074 -0.499928462 0.508457731 0.499928462 0.701100755
eps_voxels_2 -0.000082502 0.000873456 -0.000424319 0.000000706 -0.000983855 0.000387215
pos_voxels_3 -0.010000000 0.010000000 0.000000000
U_voxels_3 0.135062170 -0.850428684 0.508457731 0.850428684 -0.163837074 -0.499928462 0.508457731 0.499928462 0.701100755
eps_voxels_3 -0.000169834 0.000925116 -0.000396729 0.000188309 -0.000994657 0.000324184
pos_voxels_4 -0.010000000 0.015000000 0.000000000
U_voxels_4 0.135062170 -0.850428684 0.508457731 0.850428684 -0.163837074 -0.499928462 0.508457731 0.499928462 0.701100755
eps_voxels_4 -0.000257167 0.000976775 -0.000369139 0.000375911 -0.001005458 0.000261154
pos_voxels_5 -0.005000000 0.005000000 0.000000000
U_voxels_5 0.134882512 -0.850376927 0.508591967 0.850376927 -0.164112471 -0.499926173 0.508591967 0.499926173 0.701005016
eps_voxels_5 -0.000088196 0.000839014 -0.000510621 -0.000052319 -0.000872284 0.000483174
pos_voxels_6 -0.005000000 0.010000000 0.000000000
U_voxels_6 0.134882512 -0.850376927 0.508591967 0.850376927 -0.164112471 -0.499926173 0.508591967 0.499926173 0.701005016
eps_voxels_6 -0.000175504 0.000890740 -0.000483042 0.000135257 -0.000883134 0.000420145
pos_voxels_7 -0.005000000 0.015000000 0.000000000
U_voxels_7 0.134882512 -0.850376927 0.508591967 0.850376927 -0.164112471 -0.499926173 0.508591967 0.499926173 0.701005016
eps_voxels_7 -0.000262811 0.000942467 -0.000455462 0.000322832 -0.000893984 0.000357117
pos_voxels_8 0.000000000 0.005000000 0.000000000
U_voxels_8 0.134702888 -0.850325104 0.508726203 0.850325104 -0.164387848 -0.499923848 0.508726203 0.499923848 0.700909264
eps_voxels_8 -0.000093932 0.000804529 -0.000596856 -0.000105240 -0.000760623 0.000579071
pos_voxels_9 0.000000000 0.010000000 0.000000000
U_voxels_9 0.134702888 -0.850325104 0.508726203 0.850325104 -0.164387848 -0.499923848 0.508726203 0.499923848 0.700909264
eps_voxels_9 -0.000181214 0.000856322 -0.000569286 0.000082309 -0.000771522 0.000516044
pos_voxels_10 0.000000000 0.015000000 0.000000000
U_voxels_10 0.134702888 -0.850325104 0.508726203 0.850325104 -0.164387848 -0.499923848 0.508726203 0.499923848 0.700909264
eps_voxels_10 -0.000268496 0.000908115 -0.000541717 0.000269857 -0.000782420 0.000453017
pos_voxels_11 0.005000000 -0.015000000 0.000000000
U_voxels_11 0.134523297 -0.850273213 0.508860439 0.850273213 -0.164663204 -0.499921486 0.508860439 0.499921486 0.700813500
eps_voxels_11 0.000249317 0.000562561 -0.000793259 -0.000908141 -0.000605086 0.000927004
pos_voxels_12 0.005000000 -0.010000000 0.000000000
U_voxels_12 0.134523297 -0.850273213 0.508860439 0.850273213 -0.164663204 -0.499921486 0.508860439 0.499921486 0.700813500
eps_voxels_12 0.000162061 0.000614421 -0.000765700 -0.000720620 -0.000616033 0.000863979
pos_voxels_13 0.005000000 -0.005000000 0.000000000
U_voxels_13 0.134523297 -0.850273213 0.508860439 0.850273213 -0.164663204 -0.499921486 0.508860439 0.499921486 0.700813500
eps_voxels_13 0.000074804 0.000666281 -0.000738141 -0.000533099 -0.000626980 0.000800954
pos_voxels_14 0.005000000 0.000000000 0.000000000
U_voxels_14 0.134523297 -0.850273213 0.508860439 0.850273213 -0.164663204 -0.499921486 0.508860439 0.499921486 0.700813500
eps_voxels_14 -0.000012453 0.000718141 -0.000710582 -0.000345578 -0.000637926 0.000737929
pos_voxels_15 0.005000000 0.005000000 0.000000000
U_voxels_15 0.134523297 -0.850273213 0.508860439 0.850273213 -0.164663204 -0.499921486 0.508860439 0.499921486 0.700813500
eps_voxels_15 -0.000099710 0.000770001 -0.000683023 -0.000158057 -0.000648873 0.000674905
pos_voxels_16 0.005000000 0.010000000 0.000000000
U_voxels_16 0.134523297 -0.850273213 0.508860439 0.850273213 -0.164663204 -0.499921486 0.508860439 0.499921486 0.700813500
eps_voxels_16 -0.000186966 0.000821861 -0.000655463 0.000029465 -0.000659820 0.000611880
pos_voxels_17 0.005000000 0.015000000 0.000000000
U_voxels_17 0.134523297 -0.850273213 0.508860439 0.850273213 -0.164663204 -0.499921486 0.508860439 0.499921486 0.700813500
eps_voxels_17 -0.000274223 0.000873721 -0.000627904 0.000216986 -0.000670767 0.000548855
pos_voxels_18 0.010000000 -0.015000000 0.000000000
U_voxels_18 0.134343739 -0.850221255 0.508994673 0.850221255 -0.164938539 -0.499919089 0.508994673 0.499919089 0.700717723
eps_voxels_18 0.000243397 0.000527723 -0.000879317 -0.000960745 -0.000493053 0.001022767
pos_voxels_19 0.010000000 -0.010000000 0.000000000
U_voxels_19 0.134343739 -0.850221255 0.508994673 0.850221255 -0.164938539 -0.499919089 0.508994673 0.499919089 0.700717723
eps_voxels_19 0.000156166 0.000579650 -0.000851768 -0.000773251 -0.000504048 0.000959744
pos_voxels_20 0.010000000 -0.005000000 0.000000000
U_voxels_20 0.134343739 -0.850221255 0.508994673 0.850221255 -0.164938539 -0.499919089 0.508994673 0.499919089 0.700717723
eps_voxels_20 0.000068935 0.000631577 -0.000824219 -0.000585757 -0.000515043 0.000896721
pos_voxels_21 0.010000000 0.000000000 0.000000000
U_voxels_21 0.134343739 -0.850221255 0.508994673 0.850221255 -0.164938539 -0.499919089 0.508994673 0.499919089 0.700717723
eps_voxels_21 -0.000018297 0.000683504 -0.000796670 -0.000398263 -0.000526038 0.000833699
pos_voxels_22 0.010000000 0.005000000 0.000000000
U_voxels_22 0.134343739 -0.850221255 0.508994673 0.850221255 -0.164938539 -0.499919089 0.508994673 0.499919089 0.700717723
eps_voxels_22 -0.000105528 0.000735431 -0.000769121 -0.000210769 -0.000537034 0.000770676
pos_voxels_23 0.010000000 0.010000000 0.000000000
U_voxels_23 0.134343739 -0.850221255 0.508994673 0.850221255 -0.164938539 -0.499919089 0.508994673 0.499919089 0.700717723
eps_voxels_23 -0.000192760 0.000787358 -0.000741572 -0.000023275 -0.000548029 0.000707653
pos_voxels_24 0.010000000 0.015000000 0.000000000
U_voxels_24 0.134343739 -0.850221255 0.508994673 0.850221255 -0.164938539 -0.499919089 0.508994673 0.499919089 0.700717723
eps_voxels_24 -0.000279991 0.000839284 -0.000714023 0.000164219 -0.000559024 0.000644630
pos_voxels_25 0.015000000 -0.010000000 0.000000000
U_voxels_25 0.134164214 -0.850169230 0.509128907 0.850169230 -0.165213854 -0.499916656 0.509128907 0.499916656 0.700621933
eps_voxels_25 0.000150230 0.000544836 -0.000937768 -0.000825778 -0.000391973 0.001055447
pos_voxels_26 0.015000000 -0.005000000 0.000000000
U_voxels_26 0.134164214 -0.850169230 0.509128907 0.850169230 -0.165213854 -0.499916656 0.509128907 0.499916656 0.700621933
eps_voxels_26 0.000063024 0.000596830 -0.000910229 -0.000638311 -0.000403017 0.000992426
pos_voxels_27 0.015000000 0.000000000 0.000000000
U_voxels_27 0.134164214 -0.850169230 0.509128907 0.850169230 -0.165213854 -0.499916656 0.509128907 0.499916656 0.700621933
eps_voxels_27 -0.000024182 0.000648823 -0.000882690 -0.000450845 -0.000414061 0.000929405
pos_voxels_28 0.015000000 0.005000000 0.000000000
U_voxels_28 0.134164214 -0.850169230 0.509128907 0.850169230 -0.165213854 -0.499916656 0.509128907 0.499916656 0.700621933
eps_voxels_28 -0.000111388 0.000700817 -0.000855152 -0.000263378 -0.000425105 0.000866385
pos_voxels_29 0.015000000 0.010000000 0.000000000
U_voxels_29 0.134164214 -0.850169230 0.509128907 0.850169230 -0.165213854 -0.499916656 0.509128907 0.499916656 0.700621933
eps_voxels_29 -0.000198595 0.000752811 -0.000827613 -0.000075912 -0.000436148 0.000803364
