
direc 'Sn'
stem 'Sn_ssch'
make_image 0
output  'merged.flt' 'delta.flt' 'delta.gve' '.par' '.ubi'
#output  'merged.flt' '.par' '.ubi'
structure_phase_0 '/home/axel/workspace/scanning-3dxrd-simulations/ModelScanning3DXRD/scripts/simul/Sn.cif'
y_size 0.0500
z_size 0.0500
dety_size 2048
detz_size 2048
distance 162.888383321
tilt_x -0.00260053595757
tilt_y -0.00366923010272
tilt_z 0.00463564130438
o11 1
o12 0
o21 0
o22 -1
noise 0
intensity_const 1
lorentz_apply 1
beampol_apply 0
peakshape 0
wavelength 0.21878
beamflux 1e-12
beampol_factor 1
beampol_direct 0
dety_center 998.798998
detz_center 1041.55049636
omega_start 0
omega_end 180
omega_step 1.0
omega_sign 1
theta_min 0
theta_max 8
wedge -0.0142439915706
#spatial '/home/axel/workspace/fable/ModelScanning3DXRD/scripts/simul/frelon4m.spline'

no_voxels 305
voxel_grain_map {0:0,1:0,2:0,3:0,4:0,5:0,6:0,7:0,8:0,9:0,10:0,11:0,12:0,13:0,14:0,15:0,16:0,17:0,18:0,19:0,20:0,21:0,22:0,23:0,24:0,25:0,26:0,27:0,28:0,29:0,30:0,31:0,32:0,33:0,34:0,35:0,36:0,37:0,38:0,39:0,40:0,41:0,42:0,43:0,44:0,45:0,46:0,47:0,48:0,49:0,50:0,51:0,52:0,53:0,54:0,55:0,56:0,57:0,58:0,59:0,60:0,61:0,62:0,63:0,64:0,65:0,66:0,67:0,68:0,69:0,70:0,71:0,72:0,73:0,74:0,75:0,76:0,77:0,78:0,79:0,80:0,81:0,82:0,83:0,84:0,85:0,86:0,87:0,88:0,89:0,90:0,91:0,92:0,93:0,94:0,95:0,96:0,97:0,98:0,99:0,100:0,101:0,102:0,103:0,104:0,105:0,106:0,107:0,108:0,109:0,110:0,111:0,112:0,113:0,114:0,115:0,116:0,117:0,118:0,119:0,120:0,121:0,122:0,123:0,124:0,125:0,126:0,127:0,128:0,129:0,130:0,131:0,132:0,133:0,134:0,135:0,136:0,137:0,138:0,139:0,140:0,141:0,142:0,143:0,144:0,145:0,146:0,147:0,148:0,149:0,150:0,151:0,152:0,153:0,154:0,155:0,156:0,157:0,158:0,159:0,160:0,161:0,162:0,163:0,164:0,165:0,166:0,167:0,168:0,169:0,170:0,171:0,172:0,173:0,174:0,175:0,176:0,177:0,178:0,179:0,180:0,181:0,182:0,183:0,184:0,185:0,186:0,187:0,188:0,189:0,190:0,191:0,192:0,193:0,194:0,195:0,196:0,197:0,198:0,199:0,200:0,201:0,202:0,203:0,204:0,205:0,206:0,207:0,208:0,209:0,210:0,211:0,212:0,213:0,214:0,215:0,216:0,217:0,218:0,219:0,220:0,221:0,222:0,223:0,224:0,225:0,226:0,227:0,228:0,229:0,230:0,231:0,232:0,233:0,234:0,235:0,236:0,237:0,238:0,239:0,240:0,241:0,242:0,243:0,244:0,245:0,246:0,247:0,248:0,249:0,250:0,251:0,252:0,253:0,254:0,255:0,256:0,257:0,258:0,259:0,260:0,261:0,262:0,263:0,264:0,265:0,266:0,267:0,268:0,269:0,270:0,271:0,272:0,273:0,274:0,275:0,276:0,277:0,278:0,279:0,280:0,281:0,282:0,283:0,284:0,285:0,286:0,287:0,288:0,289:0,290:0,291:0,292:0,293:0,294:0,295:0,296:0,297:0,298:0,299:0,300:0,301:0,302:0,303:0,304:0}
gen_size 1 -0.006203566 0.000000000 100.000000000
sample_xyz 0.120000000 0.120000000 0.015000000
beam_width 0.005000000
gen_U 0
pos_voxels_0 -0.055000000 0.010000000 0.000000000
U_voxels_0 0.141566848 -0.852251180 0.503613695 0.852251180 -0.153886273 -0.499986941 0.503613695 0.499986941 0.704546879
eps_voxels_0 -0.000089828 0.000904217 0.000681664 0.000759809 -0.001710824 -0.000836287
pos_voxels_1 -0.055000000 0.015000000 0.000000000
U_voxels_1 0.141566848 -0.852251180 0.503613695 0.852251180 -0.153886273 -0.499986941 0.503613695 0.499986941 0.704546879
eps_voxels_1 -0.000178050 0.000953448 0.000709606 0.000948360 -0.001719873 -0.000899377
pos_voxels_2 -0.055000000 0.020000000 0.000000000
U_voxels_2 0.141566848 -0.852251180 0.503613695 0.852251180 -0.153886273 -0.499986941 0.503613695 0.499986941 0.704546879
eps_voxels_2 -0.000266272 0.001002679 0.000737548 0.001136912 -0.001728923 -0.000962467
pos_voxels_3 -0.050000000 0.010000000 0.000000000
U_voxels_3 0.141386006 -0.852201856 0.503747948 0.852201856 -0.154162397 -0.499985953 0.503747948 0.499985953 0.704451597
eps_voxels_3 -0.000094708 0.000870896 0.000593939 0.000704677 -0.001601451 -0.000739037
pos_voxels_4 -0.050000000 0.015000000 0.000000000
U_voxels_4 0.141386006 -0.852201856 0.503747948 0.852201856 -0.154162397 -0.499985953 0.503747948 0.499985953 0.704451597
eps_voxels_4 -0.000182905 0.000920194 0.000621872 0.000893203 -0.001610550 -0.000802126
pos_voxels_5 -0.050000000 0.020000000 0.000000000
U_voxels_5 0.141386006 -0.852201856 0.503747948 0.852201856 -0.154162397 -0.499985953 0.503747948 0.499985953 0.704451597
eps_voxels_5 -0.000271102 0.000969493 0.000649804 0.001081729 -0.001619648 -0.000865214
pos_voxels_6 -0.050000000 0.025000000 0.000000000
U_voxels_6 0.141386006 -0.852201856 0.503747948 0.852201856 -0.154162397 -0.499985953 0.503747948 0.499985953 0.704451597
eps_voxels_6 -0.000359300 0.001018792 0.000677737 0.001270255 -0.001628747 -0.000928303
pos_voxels_7 -0.050000000 0.030000000 0.000000000
U_voxels_7 0.141386006 -0.852201856 0.503747948 0.852201856 -0.154162397 -0.499985953 0.503747948 0.499985953 0.704451597
eps_voxels_7 -0.000447497 0.001068090 0.000705669 0.001458781 -0.001637845 -0.000991391
pos_voxels_8 -0.045000000 0.010000000 0.000000000
U_voxels_8 0.141205197 -0.852152463 0.503882200 0.852152463 -0.154438501 -0.499984928 0.503882200 0.499984928 0.704356302
eps_voxels_8 -0.000099627 0.000837529 0.000506281 0.000649648 -0.001491988 -0.000641848
pos_voxels_9 -0.045000000 0.015000000 0.000000000
U_voxels_9 0.141205197 -0.852152463 0.503882200 0.852152463 -0.154438501 -0.499984928 0.503882200 0.499984928 0.704356302
eps_voxels_9 -0.000187800 0.000886895 0.000534205 0.000838148 -0.001501135 -0.000704935
pos_voxels_10 -0.045000000 0.020000000 0.000000000
U_voxels_10 0.141205197 -0.852152463 0.503882200 0.852152463 -0.154438501 -0.499984928 0.503882200 0.499984928 0.704356302
eps_voxels_10 -0.000275974 0.000936262 0.000562128 0.001026648 -0.001510282 -0.000768022
pos_voxels_11 -0.045000000 0.025000000 0.000000000
U_voxels_11 0.141205197 -0.852152463 0.503882200 0.852152463 -0.154438501 -0.499984928 0.503882200 0.499984928 0.704356302
eps_voxels_11 -0.000364147 0.000985628 0.000590051 0.001215148 -0.001519429 -0.000831109
pos_voxels_12 -0.045000000 0.030000000 0.000000000
U_voxels_12 0.141205197 -0.852152463 0.503882200 0.852152463 -0.154438501 -0.499984928 0.503882200 0.499984928 0.704356302
eps_voxels_12 -0.000452320 0.001034994 0.000617974 0.001403649 -0.001528576 -0.000894197
pos_voxels_13 -0.045000000 0.035000000 0.000000000
U_voxels_13 0.141205197 -0.852152463 0.503882200 0.852152463 -0.154438501 -0.499984928 0.503882200 0.499984928 0.704356302
eps_voxels_13 -0.000540494 0.001084361 0.000645897 0.001592149 -0.001537723 -0.000957284
pos_voxels_14 -0.040000000 0.010000000 0.000000000
U_voxels_14 0.141024421 -0.852103004 0.504016452 0.852103004 -0.154714585 -0.499983868 0.504016452 0.499983868 0.704260994
eps_voxels_14 -0.000104587 0.000804118 0.000418690 0.000594720 -0.001382433 -0.000544720
pos_voxels_15 -0.040000000 0.015000000 0.000000000
U_voxels_15 0.141024421 -0.852103004 0.504016452 0.852103004 -0.154714585 -0.499983868 0.504016452 0.499983868 0.704260994
eps_voxels_15 -0.000192736 0.000853552 0.000446604 0.000783194 -0.001391629 -0.000607806
pos_voxels_16 -0.040000000 0.020000000 0.000000000
U_voxels_16 0.141024421 -0.852103004 0.504016452 0.852103004 -0.154714585 -0.499983868 0.504016452 0.499983868 0.704260994
eps_voxels_16 -0.000280885 0.000902986 0.000474518 0.000971669 -0.001400824 -0.000670892
pos_voxels_17 -0.040000000 0.025000000 0.000000000
U_voxels_17 0.141024421 -0.852103004 0.504016452 0.852103004 -0.154714585 -0.499983868 0.504016452 0.499983868 0.704260994
eps_voxels_17 -0.000369035 0.000952419 0.000502431 0.001160144 -0.001410020 -0.000733977
pos_voxels_18 -0.040000000 0.030000000 0.000000000
U_voxels_18 0.141024421 -0.852103004 0.504016452 0.852103004 -0.154714585 -0.499983868 0.504016452 0.499983868 0.704260994
eps_voxels_18 -0.000457184 0.001001853 0.000530345 0.001348618 -0.001419216 -0.000797063
pos_voxels_19 -0.040000000 0.035000000 0.000000000
U_voxels_19 0.141024421 -0.852103004 0.504016452 0.852103004 -0.154714585 -0.499983868 0.504016452 0.499983868 0.704260994
eps_voxels_19 -0.000545333 0.001051287 0.000558259 0.001537093 -0.001428411 -0.000860149
pos_voxels_20 -0.040000000 0.040000000 0.000000000
U_voxels_20 0.141024421 -0.852103004 0.504016452 0.852103004 -0.154714585 -0.499983868 0.504016452 0.499983868 0.704260994
eps_voxels_20 -0.000633482 0.001100721 0.000586172 0.001725568 -0.001437607 -0.000923235
pos_voxels_21 -0.035000000 0.005000000 0.000000000
U_voxels_21 0.140843677 -0.852053477 0.504150703 0.852053477 -0.154990649 -0.499982771 0.504150703 0.499982771 0.704165674
eps_voxels_21 -0.000021463 0.000721160 0.000303262 0.000351445 -0.001263543 -0.000384569
pos_voxels_22 -0.035000000 0.010000000 0.000000000
U_voxels_22 0.140843677 -0.852053477 0.504150703 0.852053477 -0.154990649 -0.499982771 0.504150703 0.499982771 0.704165674
eps_voxels_22 -0.000109588 0.000770662 0.000331166 0.000539894 -0.001272787 -0.000447654
pos_voxels_23 -0.035000000 0.015000000 0.000000000
U_voxels_23 0.140843677 -0.852053477 0.504150703 0.852053477 -0.154990649 -0.499982771 0.504150703 0.499982771 0.704165674
eps_voxels_23 -0.000197713 0.000820163 0.000359070 0.000728343 -0.001282032 -0.000510738
pos_voxels_24 -0.035000000 0.020000000 0.000000000
U_voxels_24 0.140843677 -0.852053477 0.504150703 0.852053477 -0.154990649 -0.499982771 0.504150703 0.499982771 0.704165674
eps_voxels_24 -0.000285838 0.000869665 0.000386975 0.000916792 -0.001291276 -0.000573822
pos_voxels_25 -0.035000000 0.025000000 0.000000000
U_voxels_25 0.140843677 -0.852053477 0.504150703 0.852053477 -0.154990649 -0.499982771 0.504150703 0.499982771 0.704165674
eps_voxels_25 -0.000373963 0.000919166 0.000414879 0.001105241 -0.001300520 -0.000636907
pos_voxels_26 -0.035000000 0.030000000 0.000000000
U_voxels_26 0.140843677 -0.852053477 0.504150703 0.852053477 -0.154990649 -0.499982771 0.504150703 0.499982771 0.704165674
eps_voxels_26 -0.000462087 0.000968668 0.000442783 0.001293690 -0.001309764 -0.000699991
pos_voxels_27 -0.035000000 0.035000000 0.000000000
U_voxels_27 0.140843677 -0.852053477 0.504150703 0.852053477 -0.154990649 -0.499982771 0.504150703 0.499982771 0.704165674
eps_voxels_27 -0.000550212 0.001018169 0.000470687 0.001482139 -0.001319009 -0.000763075
pos_voxels_28 -0.035000000 0.040000000 0.000000000
U_voxels_28 0.140843677 -0.852053477 0.504150703 0.852053477 -0.154990649 -0.499982771 0.504150703 0.499982771 0.704165674
eps_voxels_28 -0.000638337 0.001067670 0.000498591 0.001670588 -0.001328253 -0.000826160
pos_voxels_29 -0.035000000 0.045000000 0.000000000
U_voxels_29 0.140843677 -0.852053477 0.504150703 0.852053477 -0.154990649 -0.499982771 0.504150703 0.499982771 0.704165674
eps_voxels_29 -0.000726462 0.001117172 0.000526496 0.001859037 -0.001337497 -0.000889244
pos_voxels_30 -0.030000000 0.010000000 0.000000000
U_voxels_30 0.140662965 -0.852003882 0.504284955 0.852003882 -0.155266693 -0.499981639 0.504284955 0.499981639 0.704070341
eps_voxels_30 -0.000114629 0.000737161 0.000243709 0.000485170 -0.001163051 -0.000350648
pos_voxels_31 -0.030000000 0.015000000 0.000000000
U_voxels_31 0.140662965 -0.852003882 0.504284955 0.852003882 -0.155266693 -0.499981639 0.504284955 0.499981639 0.704070341
eps_voxels_31 -0.000202730 0.000786730 0.000271604 0.000673593 -0.001172344 -0.000413731
pos_voxels_32 -0.030000000 0.020000000 0.000000000
U_voxels_32 0.140662965 -0.852003882 0.504284955 0.852003882 -0.155266693 -0.499981639 0.504284955 0.499981639 0.704070341
eps_voxels_32 -0.000290830 0.000836299 0.000299498 0.000862016 -0.001181637 -0.000476814
pos_voxels_33 -0.030000000 0.025000000 0.000000000
U_voxels_33 0.140662965 -0.852003882 0.504284955 0.852003882 -0.155266693 -0.499981639 0.504284955 0.499981639 0.704070341
eps_voxels_33 -0.000378931 0.000885868 0.000327393 0.001050440 -0.001190929 -0.000539897
pos_voxels_34 -0.030000000 0.030000000 0.000000000
U_voxels_34 0.140662965 -0.852003882 0.504284955 0.852003882 -0.155266693 -0.499981639 0.504284955 0.499981639 0.704070341
eps_voxels_34 -0.000467032 0.000935437 0.000355288 0.001238863 -0.001200222 -0.000602980
pos_voxels_35 -0.030000000 0.035000000 0.000000000
U_voxels_35 0.140662965 -0.852003882 0.504284955 0.852003882 -0.155266693 -0.499981639 0.504284955 0.499981639 0.704070341
eps_voxels_35 -0.000555132 0.000985006 0.000383183 0.001427287 -0.001209515 -0.000666063
pos_voxels_36 -0.030000000 0.040000000 0.000000000
U_voxels_36 0.140662965 -0.852003882 0.504284955 0.852003882 -0.155266693 -0.499981639 0.504284955 0.499981639 0.704070341
eps_voxels_36 -0.000643233 0.001034575 0.000411077 0.001615710 -0.001218808 -0.000729146
pos_voxels_37 -0.030000000 0.045000000 0.000000000
U_voxels_37 0.140662965 -0.852003882 0.504284955 0.852003882 -0.155266693 -0.499981639 0.504284955 0.499981639 0.704070341
eps_voxels_37 -0.000731334 0.001084144 0.000438972 0.001804133 -0.001228101 -0.000792229
pos_voxels_38 -0.030000000 0.050000000 0.000000000
U_voxels_38 0.140662965 -0.852003882 0.504284955 0.852003882 -0.155266693 -0.499981639 0.504284955 0.499981639 0.704070341
eps_voxels_38 -0.000819434 0.001133713 0.000466867 0.001992557 -0.001237394 -0.000855312
pos_voxels_39 -0.025000000 0.010000000 0.000000000
U_voxels_39 0.140482286 -0.851954220 0.504419206 0.851954220 -0.155542718 -0.499980470 0.504419206 0.499980470 0.703974996
eps_voxels_39 -0.000119711 0.000703616 0.000156319 0.000430548 -0.001053224 -0.000253705
pos_voxels_40 -0.025000000 0.015000000 0.000000000
U_voxels_40 0.140482286 -0.851954220 0.504419206 0.851954220 -0.155542718 -0.499980470 0.504419206 0.499980470 0.703974996
eps_voxels_40 -0.000207787 0.000753253 0.000184204 0.000618945 -0.001062565 -0.000316786
pos_voxels_41 -0.025000000 0.020000000 0.000000000
U_voxels_41 0.140482286 -0.851954220 0.504419206 0.851954220 -0.155542718 -0.499980470 0.504419206 0.499980470 0.703974996
eps_voxels_41 -0.000295864 0.000802889 0.000212089 0.000807343 -0.001071907 -0.000379868
pos_voxels_42 -0.025000000 0.025000000 0.000000000
U_voxels_42 0.140482286 -0.851954220 0.504419206 0.851954220 -0.155542718 -0.499980470 0.504419206 0.499980470 0.703974996
eps_voxels_42 -0.000383940 0.000852525 0.000239974 0.000995741 -0.001081248 -0.000442949
pos_voxels_43 -0.025000000 0.030000000 0.000000000
U_voxels_43 0.140482286 -0.851954220 0.504419206 0.851954220 -0.155542718 -0.499980470 0.504419206 0.499980470 0.703974996
eps_voxels_43 -0.000472016 0.000902162 0.000267860 0.001184138 -0.001090589 -0.000506031
pos_voxels_44 -0.025000000 0.035000000 0.000000000
U_voxels_44 0.140482286 -0.851954220 0.504419206 0.851954220 -0.155542718 -0.499980470 0.504419206 0.499980470 0.703974996
eps_voxels_44 -0.000560093 0.000951798 0.000295745 0.001372536 -0.001099931 -0.000569112
pos_voxels_45 -0.025000000 0.040000000 0.000000000
U_voxels_45 0.140482286 -0.851954220 0.504419206 0.851954220 -0.155542718 -0.499980470 0.504419206 0.499980470 0.703974996
eps_voxels_45 -0.000648169 0.001001435 0.000323630 0.001560934 -0.001109272 -0.000632194
pos_voxels_46 -0.025000000 0.045000000 0.000000000
U_voxels_46 0.140482286 -0.851954220 0.504419206 0.851954220 -0.155542718 -0.499980470 0.504419206 0.499980470 0.703974996
eps_voxels_46 -0.000736246 0.001051071 0.000351516 0.001749331 -0.001118614 -0.000695275
pos_voxels_47 -0.025000000 0.050000000 0.000000000
U_voxels_47 0.140482286 -0.851954220 0.504419206 0.851954220 -0.155542718 -0.499980470 0.504419206 0.499980470 0.703974996
eps_voxels_47 -0.000824322 0.001100708 0.000379401 0.001937729 -0.001127955 -0.000758357
pos_voxels_48 -0.020000000 0.010000000 0.000000000
U_voxels_48 0.140301640 -0.851904490 0.504553456 0.851904490 -0.155818723 -0.499979266 0.504553456 0.499979266 0.703879637
eps_voxels_48 -0.000124833 0.000670026 0.000068995 0.000376028 -0.000943306 -0.000156823
pos_voxels_49 -0.020000000 0.015000000 0.000000000
U_voxels_49 0.140301640 -0.851904490 0.504553456 0.851904490 -0.155818723 -0.499979266 0.504553456 0.499979266 0.703879637
eps_voxels_49 -0.000212885 0.000719730 0.000096871 0.000564400 -0.000952696 -0.000219903
pos_voxels_50 -0.020000000 0.020000000 0.000000000
U_voxels_50 0.140301640 -0.851904490 0.504553456 0.851904490 -0.155818723 -0.499979266 0.504553456 0.499979266 0.703879637
eps_voxels_50 -0.000300938 0.000769434 0.000124747 0.000752772 -0.000962086 -0.000282983
pos_voxels_51 -0.020000000 0.025000000 0.000000000
U_voxels_51 0.140301640 -0.851904490 0.504553456 0.851904490 -0.155818723 -0.499979266 0.504553456 0.499979266 0.703879637
eps_voxels_51 -0.000388990 0.000819138 0.000152623 0.000941143 -0.000971476 -0.000346063
pos_voxels_52 -0.020000000 0.030000000 0.000000000
U_voxels_52 0.140301640 -0.851904490 0.504553456 0.851904490 -0.155818723 -0.499979266 0.504553456 0.499979266 0.703879637
eps_voxels_52 -0.000477042 0.000868842 0.000180498 0.001129515 -0.000980866 -0.000409143
pos_voxels_53 -0.020000000 0.035000000 0.000000000
U_voxels_53 0.140301640 -0.851904490 0.504553456 0.851904490 -0.155818723 -0.499979266 0.504553456 0.499979266 0.703879637
eps_voxels_53 -0.000565094 0.000918546 0.000208374 0.001317887 -0.000990256 -0.000472223
pos_voxels_54 -0.020000000 0.040000000 0.000000000
U_voxels_54 0.140301640 -0.851904490 0.504553456 0.851904490 -0.155818723 -0.499979266 0.504553456 0.499979266 0.703879637
eps_voxels_54 -0.000653146 0.000968250 0.000236250 0.001506259 -0.000999646 -0.000535303
pos_voxels_55 -0.020000000 0.045000000 0.000000000
U_voxels_55 0.140301640 -0.851904490 0.504553456 0.851904490 -0.155818723 -0.499979266 0.504553456 0.499979266 0.703879637
eps_voxels_55 -0.000741198 0.001017954 0.000264126 0.001694631 -0.001009036 -0.000598383
pos_voxels_56 -0.020000000 0.050000000 0.000000000
U_voxels_56 0.140301640 -0.851904490 0.504553456 0.851904490 -0.155818723 -0.499979266 0.504553456 0.499979266 0.703879637
eps_voxels_56 -0.000829250 0.001067658 0.000292002 0.001883003 -0.001018426 -0.000661463
pos_voxels_57 -0.020000000 0.055000000 0.000000000
U_voxels_57 0.140301640 -0.851904490 0.504553456 0.851904490 -0.155818723 -0.499979266 0.504553456 0.499979266 0.703879637
eps_voxels_57 -0.000917302 0.001117362 0.000319877 0.002071375 -0.001027816 -0.000724543
pos_voxels_58 -0.015000000 0.005000000 0.000000000
U_voxels_58 0.140121026 -0.851854692 0.504687707 0.851854692 -0.156094708 -0.499978025 0.504687707 0.499978025 0.703784266
eps_voxels_58 -0.000041969 0.000586621 -0.000046127 0.000133264 -0.000823859 0.000003076
pos_voxels_59 -0.015000000 0.010000000 0.000000000
U_voxels_59 0.140121026 -0.851854692 0.504687707 0.851854692 -0.156094708 -0.499978025 0.504687707 0.499978025 0.703784266
eps_voxels_59 -0.000129997 0.000636392 -0.000018261 0.000321610 -0.000833297 -0.000060002
pos_voxels_60 -0.015000000 0.015000000 0.000000000
U_voxels_60 0.140121026 -0.851854692 0.504687707 0.851854692 -0.156094708 -0.499978025 0.504687707 0.499978025 0.703784266
eps_voxels_60 -0.000218024 0.000686164 0.000009605 0.000509956 -0.000842736 -0.000123081
pos_voxels_61 -0.015000000 0.020000000 0.000000000
U_voxels_61 0.140121026 -0.851854692 0.504687707 0.851854692 -0.156094708 -0.499978025 0.504687707 0.499978025 0.703784266
eps_voxels_61 -0.000306052 0.000735935 0.000037471 0.000698302 -0.000852174 -0.000186159
pos_voxels_62 -0.015000000 0.025000000 0.000000000
U_voxels_62 0.140121026 -0.851854692 0.504687707 0.851854692 -0.156094708 -0.499978025 0.504687707 0.499978025 0.703784266
eps_voxels_62 -0.000394080 0.000785707 0.000065338 0.000886648 -0.000861613 -0.000249238
pos_voxels_63 -0.015000000 0.030000000 0.000000000
U_voxels_63 0.140121026 -0.851854692 0.504687707 0.851854692 -0.156094708 -0.499978025 0.504687707 0.499978025 0.703784266
eps_voxels_63 -0.000482107 0.000835478 0.000093204 0.001074995 -0.000871051 -0.000312316
pos_voxels_64 -0.015000000 0.035000000 0.000000000
U_voxels_64 0.140121026 -0.851854692 0.504687707 0.851854692 -0.156094708 -0.499978025 0.504687707 0.499978025 0.703784266
eps_voxels_64 -0.000570135 0.000885250 0.000121070 0.001263341 -0.000880490 -0.000375395
pos_voxels_65 -0.015000000 0.040000000 0.000000000
U_voxels_65 0.140121026 -0.851854692 0.504687707 0.851854692 -0.156094708 -0.499978025 0.504687707 0.499978025 0.703784266
eps_voxels_65 -0.000658163 0.000935021 0.000148937 0.001451687 -0.000889928 -0.000438474
pos_voxels_66 -0.015000000 0.045000000 0.000000000
U_voxels_66 0.140121026 -0.851854692 0.504687707 0.851854692 -0.156094708 -0.499978025 0.504687707 0.499978025 0.703784266
eps_voxels_66 -0.000746191 0.000984792 0.000176803 0.001640033 -0.000899367 -0.000501552
pos_voxels_67 -0.015000000 0.050000000 0.000000000
U_voxels_67 0.140121026 -0.851854692 0.504687707 0.851854692 -0.156094708 -0.499978025 0.504687707 0.499978025 0.703784266
eps_voxels_67 -0.000834218 0.001034564 0.000204669 0.001828379 -0.000908806 -0.000564631
pos_voxels_68 -0.015000000 0.055000000 0.000000000
U_voxels_68 0.140121026 -0.851854692 0.504687707 0.851854692 -0.156094708 -0.499978025 0.504687707 0.499978025 0.703784266
eps_voxels_68 -0.000922246 0.001084335 0.000232535 0.002016725 -0.000918244 -0.000627709
pos_voxels_69 -0.010000000 0.005000000 0.000000000
U_voxels_69 0.139940445 -0.851804827 0.504821957 0.851804827 -0.156370673 -0.499976748 0.504821957 0.499976748 0.703688882
eps_voxels_69 -0.000047197 0.000552875 -0.000133307 0.000078975 -0.000713711 0.000099834
pos_voxels_70 -0.010000000 0.010000000 0.000000000
U_voxels_70 0.139940445 -0.851804827 0.504821957 0.851804827 -0.156370673 -0.499976748 0.504821957 0.499976748 0.703688882
eps_voxels_70 -0.000135200 0.000602714 -0.000105450 0.000267295 -0.000723198 0.000036757
pos_voxels_71 -0.010000000 0.015000000 0.000000000
U_voxels_71 0.139940445 -0.851804827 0.504821957 0.851804827 -0.156370673 -0.499976748 0.504821957 0.499976748 0.703688882
eps_voxels_71 -0.000223204 0.000652553 -0.000077594 0.000455615 -0.000732685 -0.000026320
pos_voxels_72 -0.010000000 0.020000000 0.000000000
U_voxels_72 0.139940445 -0.851804827 0.504821957 0.851804827 -0.156370673 -0.499976748 0.504821957 0.499976748 0.703688882
eps_voxels_72 -0.000311207 0.000702392 -0.000049737 0.000643935 -0.000742172 -0.000089397
pos_voxels_73 -0.010000000 0.025000000 0.000000000
U_voxels_73 0.139940445 -0.851804827 0.504821957 0.851804827 -0.156370673 -0.499976748 0.504821957 0.499976748 0.703688882
eps_voxels_73 -0.000399210 0.000752231 -0.000021880 0.000832255 -0.000751659 -0.000152474
pos_voxels_74 -0.010000000 0.030000000 0.000000000
U_voxels_74 0.139940445 -0.851804827 0.504821957 0.851804827 -0.156370673 -0.499976748 0.504821957 0.499976748 0.703688882
eps_voxels_74 -0.000487214 0.000802069 0.000005977 0.001020576 -0.000761146 -0.000215552
pos_voxels_75 -0.010000000 0.035000000 0.000000000
U_voxels_75 0.139940445 -0.851804827 0.504821957 0.851804827 -0.156370673 -0.499976748 0.504821957 0.499976748 0.703688882
eps_voxels_75 -0.000575217 0.000851908 0.000033833 0.001208896 -0.000770633 -0.000278629
pos_voxels_76 -0.010000000 0.040000000 0.000000000
U_voxels_76 0.139940445 -0.851804827 0.504821957 0.851804827 -0.156370673 -0.499976748 0.504821957 0.499976748 0.703688882
eps_voxels_76 -0.000663221 0.000901747 0.000061690 0.001397216 -0.000780121 -0.000341706
pos_voxels_77 -0.010000000 0.045000000 0.000000000
U_voxels_77 0.139940445 -0.851804827 0.504821957 0.851804827 -0.156370673 -0.499976748 0.504821957 0.499976748 0.703688882
eps_voxels_77 -0.000751224 0.000951586 0.000089547 0.001585536 -0.000789608 -0.000404783
pos_voxels_78 -0.010000000 0.050000000 0.000000000
U_voxels_78 0.139940445 -0.851804827 0.504821957 0.851804827 -0.156370673 -0.499976748 0.504821957 0.499976748 0.703688882
eps_voxels_78 -0.000839227 0.001001425 0.000117404 0.001773857 -0.000799095 -0.000467860
pos_voxels_79 -0.010000000 0.055000000 0.000000000
U_voxels_79 0.139940445 -0.851804827 0.504821957 0.851804827 -0.156370673 -0.499976748 0.504821957 0.499976748 0.703688882
eps_voxels_79 -0.000927231 0.001051264 0.000145260 0.001962177 -0.000808582 -0.000530937
pos_voxels_80 -0.005000000 0.000000000 0.000000000
U_voxels_80 0.139759896 -0.851754895 0.504956206 0.851754895 -0.156646618 -0.499975435 0.504956206 0.499975435 0.703593486
eps_voxels_80 0.000035513 0.000469178 -0.000248267 -0.000163507 -0.000593936 0.000259605
pos_voxels_81 -0.005000000 0.005000000 0.000000000
U_voxels_81 0.139759896 -0.851754895 0.504956206 0.851754895 -0.156646618 -0.499975435 0.504956206 0.499975435 0.703593486
eps_voxels_81 -0.000052466 0.000519085 -0.000220420 0.000024787 -0.000603472 0.000196530
pos_voxels_82 -0.005000000 0.010000000 0.000000000
U_voxels_82 0.139759896 -0.851754895 0.504956206 0.851754895 -0.156646618 -0.499975435 0.504956206 0.499975435 0.703593486
eps_voxels_82 -0.000140445 0.000568991 -0.000192573 0.000213082 -0.000613008 0.000133454
pos_voxels_83 -0.005000000 0.015000000 0.000000000
U_voxels_83 0.139759896 -0.851754895 0.504956206 0.851754895 -0.156646618 -0.499975435 0.504956206 0.499975435 0.703593486
eps_voxels_83 -0.000228424 0.000618897 -0.000164725 0.000401376 -0.000622543 0.000070378
pos_voxels_84 -0.005000000 0.020000000 0.000000000
U_voxels_84 0.139759896 -0.851754895 0.504956206 0.851754895 -0.156646618 -0.499975435 0.504956206 0.499975435 0.703593486
eps_voxels_84 -0.000316403 0.000668804 -0.000136878 0.000589670 -0.000632079 0.000007303
pos_voxels_85 -0.005000000 0.025000000 0.000000000
U_voxels_85 0.139759896 -0.851754895 0.504956206 0.851754895 -0.156646618 -0.499975435 0.504956206 0.499975435 0.703593486
eps_voxels_85 -0.000404382 0.000718710 -0.000109031 0.000777965 -0.000641615 -0.000055773
pos_voxels_86 -0.005000000 0.030000000 0.000000000
U_voxels_86 0.139759896 -0.851754895 0.504956206 0.851754895 -0.156646618 -0.499975435 0.504956206 0.499975435 0.703593486
eps_voxels_86 -0.000492361 0.000768616 -0.000081184 0.000966259 -0.000651151 -0.000118848
pos_voxels_87 -0.005000000 0.035000000 0.000000000
U_voxels_87 0.139759896 -0.851754895 0.504956206 0.851754895 -0.156646618 -0.499975435 0.504956206 0.499975435 0.703593486
eps_voxels_87 -0.000580340 0.000818523 -0.000053337 0.001154553 -0.000660686 -0.000181924
pos_voxels_88 -0.005000000 0.040000000 0.000000000
U_voxels_88 0.139759896 -0.851754895 0.504956206 0.851754895 -0.156646618 -0.499975435 0.504956206 0.499975435 0.703593486
eps_voxels_88 -0.000668319 0.000868429 -0.000025490 0.001342848 -0.000670222 -0.000244999
pos_voxels_89 -0.005000000 0.045000000 0.000000000
U_voxels_89 0.139759896 -0.851754895 0.504956206 0.851754895 -0.156646618 -0.499975435 0.504956206 0.499975435 0.703593486
eps_voxels_89 -0.000756298 0.000918336 0.000002358 0.001531142 -0.000679758 -0.000308075
pos_voxels_90 -0.005000000 0.050000000 0.000000000
U_voxels_90 0.139759896 -0.851754895 0.504956206 0.851754895 -0.156646618 -0.499975435 0.504956206 0.499975435 0.703593486
eps_voxels_90 -0.000844277 0.000968242 0.000030205 0.001719436 -0.000689293 -0.000371150
pos_voxels_91 -0.005000000 0.055000000 0.000000000
U_voxels_91 0.139759896 -0.851754895 0.504956206 0.851754895 -0.156646618 -0.499975435 0.504956206 0.499975435 0.703593486
eps_voxels_91 -0.000932256 0.001018148 0.000058052 0.001907731 -0.000698829 -0.000434226
pos_voxels_92 0.000000000 -0.005000000 0.000000000
U_voxels_92 0.139579380 -0.851704895 0.505090456 0.851704895 -0.156922543 -0.499974087 0.505090456 0.499974087 0.703498077
eps_voxels_92 0.000118134 0.000385303 -0.000363140 -0.000405834 -0.000473975 0.000419312
pos_voxels_93 0.000000000 0.000000000 0.000000000
U_voxels_93 0.139579380 -0.851704895 0.505090456 0.851704895 -0.156922543 -0.499974087 0.505090456 0.499974087 0.703498077
eps_voxels_93 0.000030179 0.000435276 -0.000335303 -0.000217566 -0.000483559 0.000356238
pos_voxels_94 0.000000000 0.005000000 0.000000000
U_voxels_94 0.139579380 -0.851704895 0.505090456 0.851704895 -0.156922543 -0.499974087 0.505090456 0.499974087 0.703498077
eps_voxels_94 -0.000057776 0.000485250 -0.000307465 -0.000029297 -0.000493143 0.000293164
pos_voxels_95 0.000000000 0.010000000 0.000000000
U_voxels_95 0.139579380 -0.851704895 0.505090456 0.851704895 -0.156922543 -0.499974087 0.505090456 0.499974087 0.703498077
eps_voxels_95 -0.000145730 0.000535224 -0.000279628 0.000158971 -0.000502727 0.000230090
pos_voxels_96 0.000000000 0.015000000 0.000000000
U_voxels_96 0.139579380 -0.851704895 0.505090456 0.851704895 -0.156922543 -0.499974087 0.505090456 0.499974087 0.703498077
eps_voxels_96 -0.000233685 0.000585198 -0.000251790 0.000347240 -0.000512312 0.000167016
pos_voxels_97 0.000000000 0.020000000 0.000000000
U_voxels_97 0.139579380 -0.851704895 0.505090456 0.851704895 -0.156922543 -0.499974087 0.505090456 0.499974087 0.703498077
eps_voxels_97 -0.000321639 0.000635172 -0.000223952 0.000535508 -0.000521896 0.000103942
pos_voxels_98 0.000000000 0.025000000 0.000000000
U_voxels_98 0.139579380 -0.851704895 0.505090456 0.851704895 -0.156922543 -0.499974087 0.505090456 0.499974087 0.703498077
eps_voxels_98 -0.000409594 0.000685145 -0.000196115 0.000723776 -0.000531480 0.000040868
pos_voxels_99 0.000000000 0.030000000 0.000000000
U_voxels_99 0.139579380 -0.851704895 0.505090456 0.851704895 -0.156922543 -0.499974087 0.505090456 0.499974087 0.703498077
eps_voxels_99 -0.000497548 0.000735119 -0.000168277 0.000912045 -0.000541064 -0.000022206
pos_voxels_100 0.000000000 0.035000000 0.000000000
U_voxels_100 0.139579380 -0.851704895 0.505090456 0.851704895 -0.156922543 -0.499974087 0.505090456 0.499974087 0.703498077
eps_voxels_100 -0.000585503 0.000785093 -0.000140440 0.001100313 -0.000550649 -0.000085281
pos_voxels_101 0.000000000 0.040000000 0.000000000
U_voxels_101 0.139579380 -0.851704895 0.505090456 0.851704895 -0.156922543 -0.499974087 0.505090456 0.499974087 0.703498077
eps_voxels_101 -0.000673458 0.000835067 -0.000112602 0.001288582 -0.000560233 -0.000148355
pos_voxels_102 0.000000000 0.045000000 0.000000000
U_voxels_102 0.139579380 -0.851704895 0.505090456 0.851704895 -0.156922543 -0.499974087 0.505090456 0.499974087 0.703498077
eps_voxels_102 -0.000761412 0.000885041 -0.000084764 0.001476850 -0.000569817 -0.000211429
pos_voxels_103 0.000000000 0.050000000 0.000000000
U_voxels_103 0.139579380 -0.851704895 0.505090456 0.851704895 -0.156922543 -0.499974087 0.505090456 0.499974087 0.703498077
eps_voxels_103 -0.000849367 0.000935014 -0.000056927 0.001665118 -0.000579401 -0.000274503
pos_voxels_104 0.000000000 0.055000000 0.000000000
U_voxels_104 0.139579380 -0.851704895 0.505090456 0.851704895 -0.156922543 -0.499974087 0.505090456 0.499974087 0.703498077
eps_voxels_104 -0.000937321 0.000984988 -0.000029089 0.001853387 -0.000588986 -0.000337577
pos_voxels_105 0.005000000 -0.035000000 0.000000000
U_voxels_105 0.139398897 -0.851654828 0.505224705 0.851654828 -0.157198448 -0.499972702 0.505224705 0.499972702 0.703402655
eps_voxels_105 0.000640315 0.000051042 -0.000617067 -0.001589218 -0.000305661 0.000894316
pos_voxels_106 0.005000000 -0.015000000 0.000000000
U_voxels_106 0.139398897 -0.851654828 0.505224705 0.851654828 -0.157198448 -0.499972702 0.505224705 0.499972702 0.703402655
eps_voxels_106 0.000288595 0.000251207 -0.000505755 -0.000836249 -0.000344192 0.000642026
pos_voxels_107 0.005000000 -0.010000000 0.000000000
U_voxels_107 0.139398897 -0.851654828 0.505224705 0.851654828 -0.157198448 -0.499972702 0.505224705 0.499972702 0.703402655
eps_voxels_107 0.000200664 0.000301248 -0.000477927 -0.000648006 -0.000353825 0.000578953
pos_voxels_108 0.005000000 -0.005000000 0.000000000
U_voxels_108 0.139398897 -0.851654828 0.505224705 0.851654828 -0.157198448 -0.499972702 0.505224705 0.499972702 0.703402655
eps_voxels_108 0.000112734 0.000351289 -0.000450099 -0.000459764 -0.000363458 0.000515881
pos_voxels_109 0.005000000 0.000000000 0.000000000
U_voxels_109 0.139398897 -0.851654828 0.505224705 0.851654828 -0.157198448 -0.499972702 0.505224705 0.499972702 0.703402655
eps_voxels_109 0.000024804 0.000401331 -0.000422271 -0.000271522 -0.000373091 0.000452808
pos_voxels_110 0.005000000 0.005000000 0.000000000
U_voxels_110 0.139398897 -0.851654828 0.505224705 0.851654828 -0.157198448 -0.499972702 0.505224705 0.499972702 0.703402655
eps_voxels_110 -0.000063126 0.000451372 -0.000394443 -0.000083279 -0.000382724 0.000389736
pos_voxels_111 0.005000000 0.010000000 0.000000000
U_voxels_111 0.139398897 -0.851654828 0.505224705 0.851654828 -0.157198448 -0.499972702 0.505224705 0.499972702 0.703402655
eps_voxels_111 -0.000151056 0.000501413 -0.000366615 0.000104963 -0.000392356 0.000326663
pos_voxels_112 0.005000000 0.015000000 0.000000000
U_voxels_112 0.139398897 -0.851654828 0.505224705 0.851654828 -0.157198448 -0.499972702 0.505224705 0.499972702 0.703402655
eps_voxels_112 -0.000238986 0.000551454 -0.000338787 0.000293206 -0.000401989 0.000263591
pos_voxels_113 0.005000000 0.020000000 0.000000000
U_voxels_113 0.139398897 -0.851654828 0.505224705 0.851654828 -0.157198448 -0.499972702 0.505224705 0.499972702 0.703402655
eps_voxels_113 -0.000326916 0.000601495 -0.000310959 0.000481448 -0.000411622 0.000200519
pos_voxels_114 0.005000000 0.025000000 0.000000000
U_voxels_114 0.139398897 -0.851654828 0.505224705 0.851654828 -0.157198448 -0.499972702 0.505224705 0.499972702 0.703402655
eps_voxels_114 -0.000414846 0.000651537 -0.000283131 0.000669690 -0.000421255 0.000137446
pos_voxels_115 0.005000000 0.030000000 0.000000000
U_voxels_115 0.139398897 -0.851654828 0.505224705 0.851654828 -0.157198448 -0.499972702 0.505224705 0.499972702 0.703402655
eps_voxels_115 -0.000502777 0.000701578 -0.000255303 0.000857933 -0.000430888 0.000074374
pos_voxels_116 0.005000000 0.035000000 0.000000000
U_voxels_116 0.139398897 -0.851654828 0.505224705 0.851654828 -0.157198448 -0.499972702 0.505224705 0.499972702 0.703402655
eps_voxels_116 -0.000590707 0.000751619 -0.000227475 0.001046175 -0.000440521 0.000011301
pos_voxels_117 0.005000000 0.040000000 0.000000000
U_voxels_117 0.139398897 -0.851654828 0.505224705 0.851654828 -0.157198448 -0.499972702 0.505224705 0.499972702 0.703402655
eps_voxels_117 -0.000678637 0.000801660 -0.000199647 0.001234418 -0.000450153 -0.000051771
pos_voxels_118 0.005000000 0.045000000 0.000000000
U_voxels_118 0.139398897 -0.851654828 0.505224705 0.851654828 -0.157198448 -0.499972702 0.505224705 0.499972702 0.703402655
eps_voxels_118 -0.000766567 0.000851701 -0.000171819 0.001422660 -0.000459786 -0.000114844
pos_voxels_119 0.005000000 0.050000000 0.000000000
U_voxels_119 0.139398897 -0.851654828 0.505224705 0.851654828 -0.157198448 -0.499972702 0.505224705 0.499972702 0.703402655
eps_voxels_119 -0.000854497 0.000901743 -0.000143992 0.001610902 -0.000469419 -0.000177916
pos_voxels_120 0.005000000 0.055000000 0.000000000
U_voxels_120 0.139398897 -0.851654828 0.505224705 0.851654828 -0.157198448 -0.499972702 0.505224705 0.499972702 0.703402655
eps_voxels_120 -0.000942427 0.000951784 -0.000116164 0.001799145 -0.000479052 -0.000240989
pos_voxels_121 0.010000000 -0.055000000 0.000000000
U_voxels_121 0.139218446 -0.851604693 0.505358953 0.851604693 -0.157474333 -0.499971281 0.505358953 0.499971281 0.703307221
eps_voxels_121 0.000986350 -0.000183854 -0.000815175 -0.002395755 -0.000156037 0.001243097
pos_voxels_122 0.010000000 -0.050000000 0.000000000
U_voxels_122 0.139218446 -0.851604693 0.505358953 0.851604693 -0.157474333 -0.499971281 0.505358953 0.499971281 0.703307221
eps_voxels_122 0.000898445 -0.000133745 -0.000787356 -0.002207538 -0.000165719 0.001180027
pos_voxels_123 0.010000000 -0.045000000 0.000000000
U_voxels_123 0.139218446 -0.851604693 0.505358953 0.851604693 -0.157474333 -0.499971281 0.505358953 0.499971281 0.703307221
eps_voxels_123 0.000810539 -0.000083637 -0.000759538 -0.002019322 -0.000175400 0.001116956
pos_voxels_124 0.010000000 -0.040000000 0.000000000
U_voxels_124 0.139218446 -0.851604693 0.505358953 0.851604693 -0.157474333 -0.499971281 0.505358953 0.499971281 0.703307221
eps_voxels_124 0.000722634 -0.000033528 -0.000731719 -0.001831106 -0.000185081 0.001053885
pos_voxels_125 0.010000000 -0.035000000 0.000000000
U_voxels_125 0.139218446 -0.851604693 0.505358953 0.851604693 -0.157474333 -0.499971281 0.505358953 0.499971281 0.703307221
eps_voxels_125 0.000634728 0.000016581 -0.000703901 -0.001642889 -0.000194763 0.000990814
pos_voxels_126 0.010000000 -0.030000000 0.000000000
U_voxels_126 0.139218446 -0.851604693 0.505358953 0.851604693 -0.157474333 -0.499971281 0.505358953 0.499971281 0.703307221
eps_voxels_126 0.000546822 0.000066689 -0.000676083 -0.001454673 -0.000204444 0.000927743
pos_voxels_127 0.010000000 -0.025000000 0.000000000
U_voxels_127 0.139218446 -0.851604693 0.505358953 0.851604693 -0.157474333 -0.499971281 0.505358953 0.499971281 0.703307221
eps_voxels_127 0.000458917 0.000116798 -0.000648264 -0.001266457 -0.000214125 0.000864672
pos_voxels_128 0.010000000 -0.020000000 0.000000000
U_voxels_128 0.139218446 -0.851604693 0.505358953 0.851604693 -0.157474333 -0.499971281 0.505358953 0.499971281 0.703307221
eps_voxels_128 0.000371011 0.000166906 -0.000620446 -0.001078240 -0.000223807 0.000801601
pos_voxels_129 0.010000000 -0.015000000 0.000000000
U_voxels_129 0.139218446 -0.851604693 0.505358953 0.851604693 -0.157474333 -0.499971281 0.505358953 0.499971281 0.703307221
eps_voxels_129 0.000283105 0.000217015 -0.000592628 -0.000890024 -0.000233488 0.000738530
pos_voxels_130 0.010000000 -0.010000000 0.000000000
U_voxels_130 0.139218446 -0.851604693 0.505358953 0.851604693 -0.157474333 -0.499971281 0.505358953 0.499971281 0.703307221
eps_voxels_130 0.000195200 0.000267123 -0.000564809 -0.000701808 -0.000243170 0.000675459
pos_voxels_131 0.010000000 -0.005000000 0.000000000
U_voxels_131 0.139218446 -0.851604693 0.505358953 0.851604693 -0.157474333 -0.499971281 0.505358953 0.499971281 0.703307221
eps_voxels_131 0.000107294 0.000317232 -0.000536991 -0.000513591 -0.000252851 0.000612388
pos_voxels_132 0.010000000 0.000000000 0.000000000
U_voxels_132 0.139218446 -0.851604693 0.505358953 0.851604693 -0.157474333 -0.499971281 0.505358953 0.499971281 0.703307221
eps_voxels_132 0.000019388 0.000367341 -0.000509173 -0.000325375 -0.000262532 0.000549317
pos_voxels_133 0.010000000 0.005000000 0.000000000
U_voxels_133 0.139218446 -0.851604693 0.505358953 0.851604693 -0.157474333 -0.499971281 0.505358953 0.499971281 0.703307221
eps_voxels_133 -0.000068517 0.000417449 -0.000481354 -0.000137159 -0.000272214 0.000486246
pos_voxels_134 0.010000000 0.010000000 0.000000000
U_voxels_134 0.139218446 -0.851604693 0.505358953 0.851604693 -0.157474333 -0.499971281 0.505358953 0.499971281 0.703307221
eps_voxels_134 -0.000156423 0.000467558 -0.000453536 0.000051058 -0.000281895 0.000423176
pos_voxels_135 0.010000000 0.015000000 0.000000000
U_voxels_135 0.139218446 -0.851604693 0.505358953 0.851604693 -0.157474333 -0.499971281 0.505358953 0.499971281 0.703307221
eps_voxels_135 -0.000244329 0.000517666 -0.000425718 0.000239274 -0.000291577 0.000360105
pos_voxels_136 0.010000000 0.020000000 0.000000000
U_voxels_136 0.139218446 -0.851604693 0.505358953 0.851604693 -0.157474333 -0.499971281 0.505358953 0.499971281 0.703307221
eps_voxels_136 -0.000332234 0.000567775 -0.000397899 0.000427490 -0.000301258 0.000297034
pos_voxels_137 0.010000000 0.025000000 0.000000000
U_voxels_137 0.139218446 -0.851604693 0.505358953 0.851604693 -0.157474333 -0.499971281 0.505358953 0.499971281 0.703307221
eps_voxels_137 -0.000420140 0.000617884 -0.000370081 0.000615707 -0.000310939 0.000233963
pos_voxels_138 0.010000000 0.030000000 0.000000000
U_voxels_138 0.139218446 -0.851604693 0.505358953 0.851604693 -0.157474333 -0.499971281 0.505358953 0.499971281 0.703307221
eps_voxels_138 -0.000508046 0.000667992 -0.000342263 0.000803923 -0.000320621 0.000170892
pos_voxels_139 0.010000000 0.035000000 0.000000000
U_voxels_139 0.139218446 -0.851604693 0.505358953 0.851604693 -0.157474333 -0.499971281 0.505358953 0.499971281 0.703307221
eps_voxels_139 -0.000595951 0.000718101 -0.000314444 0.000992140 -0.000330302 0.000107821
pos_voxels_140 0.010000000 0.040000000 0.000000000
U_voxels_140 0.139218446 -0.851604693 0.505358953 0.851604693 -0.157474333 -0.499971281 0.505358953 0.499971281 0.703307221
eps_voxels_140 -0.000683857 0.000768209 -0.000286626 0.001180356 -0.000339983 0.000044750
pos_voxels_141 0.010000000 0.045000000 0.000000000
